100 10
1 2 56
1 3 68
1 4 27
1 5 88
1 6 14
1 7 68
1 8 70
1 9 30
1 10 20
1 11 61
1 12 60
1 13 35
1 14 94
1 15 1
1 16 34
1 17 7
1 18 74
1 19 85
1 20 63
1 21 82
1 22 26
1 23 68
1 24 83
1 25 46
1 26 49
1 27 31
1 28 45
1 29 26
1 30 0
1 31 6
1 32 57
1 33 71
1 34 17
1 35 72
1 36 76
1 37 73
1 38 26
1 39 33
1 40 95
1 41 18
1 42 49
1 43 93
1 44 73
1 45 90
1 46 74
1 47 2
1 48 63
1 49 16
1 50 47
1 51 10
1 52 8
1 53 21
1 54 1
1 55 3
1 56 30
1 57 83
1 58 13
1 59 68
1 60 68
1 61 50
1 62 21
1 63 41
1 64 22
1 65 71
1 66 61
1 67 7
1 68 95
1 69 7
1 70 10
1 71 38
1 72 39
1 73 3
1 74 25
1 75 90
1 76 58
1 77 69
1 78 21
1 79 22
1 80 2
1 81 99
1 82 15
1 83 97
1 84 32
1 85 36
1 86 0
1 87 40
1 88 13
1 89 7
1 90 13
1 91 78
1 92 3
1 93 45
1 94 53
1 95 31
1 96 13
1 97 7
1 98 36
1 99 16
1 100 51
2 3 50
2 4 24
2 5 88
2 6 79
2 7 84
2 8 95
2 9 42
2 10 61
2 11 100
2 12 47
2 13 83
2 14 64
2 15 72
2 16 62
2 17 13
2 18 11
2 19 56
2 20 70
2 21 29
2 22 2
2 23 52
2 24 4
2 25 33
2 26 55
2 27 97
2 28 53
2 29 96
2 30 29
2 31 26
2 32 13
2 33 12
2 34 85
2 35 34
2 36 59
2 37 56
2 38 97
2 39 73
2 40 75
2 41 79
2 42 63
2 43 66
2 44 42
2 45 22
2 46 74
2 47 62
2 48 13
2 49 34
2 50 48
2 51 89
2 52 11
2 53 99
2 54 19
2 55 18
2 56 58
2 57 65
2 58 80
2 59 15
2 60 22
2 61 4
2 62 66
2 63 61
2 64 81
2 65 43
2 66 60
2 67 13
2 68 52
2 69 72
2 70 22
2 71 85
2 72 71
2 73 42
2 74 0
2 75 0
2 76 83
2 77 12
2 78 17
2 79 95
2 80 8
2 81 97
2 82 76
2 83 8
2 84 80
2 85 46
2 86 56
2 87 42
2 88 14
2 89 37
2 90 24
2 91 17
2 92 47
2 93 35
2 94 91
2 95 51
2 96 47
2 97 65
2 98 64
2 99 29
2 100 30
3 4 26
3 5 58
3 6 74
3 7 76
3 8 6
3 9 15
3 10 86
3 11 30
3 12 97
3 13 82
3 14 74
3 15 46
3 16 51
3 17 5
3 18 87
3 19 94
3 20 4
3 21 15
3 22 66
3 23 39
3 24 88
3 25 37
3 26 13
3 27 25
3 28 86
3 29 5
3 30 65
3 31 15
3 32 42
3 33 73
3 34 48
3 35 31
3 36 20
3 37 42
3 38 92
3 39 76
3 40 55
3 41 74
3 42 57
3 43 21
3 44 84
3 45 65
3 46 68
3 47 65
3 48 14
3 49 9
3 50 90
3 51 45
3 52 57
3 53 61
3 54 6
3 55 65
3 56 9
3 57 3
3 58 53
3 59 56
3 60 16
3 61 51
3 62 86
3 63 29
3 64 98
3 65 64
3 66 13
3 67 87
3 68 53
3 69 55
3 70 4
3 71 97
3 72 88
3 73 91
3 74 56
3 75 14
3 76 48
3 77 53
3 78 61
3 79 14
3 80 36
3 81 32
3 82 7
3 83 11
3 84 98
3 85 60
3 86 21
3 87 19
3 88 10
3 89 75
3 90 87
3 91 28
3 92 20
3 93 48
3 94 66
3 95 1
3 96 59
3 97 96
3 98 54
3 99 43
3 100 76
4 5 55
4 6 48
4 7 66
4 8 6
4 9 26
4 10 12
4 11 75
4 12 36
4 13 95
4 14 95
4 15 77
4 16 57
4 17 44
4 18 63
4 19 45
4 20 44
4 21 15
4 22 20
4 23 90
4 24 14
4 25 89
4 26 9
4 27 97
4 28 3
4 29 32
4 30 69
4 31 89
4 32 45
4 33 44
4 34 78
4 35 50
4 36 27
4 37 91
4 38 90
4 39 27
4 40 89
4 41 6
4 42 58
4 43 61
4 44 50
4 45 39
4 46 90
4 47 89
4 48 47
4 49 98
4 50 40
4 51 89
4 52 43
4 53 40
4 54 95
4 55 65
4 56 34
4 57 58
4 58 48
4 59 97
4 60 45
4 61 95
4 62 42
4 63 65
4 64 93
4 65 56
4 66 96
4 67 72
4 68 26
4 69 38
4 70 69
4 71 2
4 72 32
4 73 94
4 74 98
4 75 32
4 76 62
4 77 92
4 78 13
4 79 48
4 80 94
4 81 52
4 82 34
4 83 11
4 84 37
4 85 90
4 86 2
4 87 94
4 88 38
4 89 72
4 90 18
4 91 49
4 92 95
4 93 52
4 94 97
4 95 20
4 96 100
4 97 69
4 98 6
4 99 0
4 100 35
5 6 99
5 7 60
5 8 98
5 9 4
5 10 82
5 11 19
5 12 32
5 13 83
5 14 27
5 15 21
5 16 49
5 17 52
5 18 97
5 19 52
5 20 5
5 21 8
5 22 15
5 23 3
5 24 91
5 25 93
5 26 12
5 27 66
5 28 6
5 29 14
5 30 58
5 31 68
5 32 97
5 33 8
5 34 0
5 35 98
5 36 24
5 37 80
5 38 49
5 39 96
5 40 51
5 41 4
5 42 82
5 43 60
5 44 5
5 45 32
5 46 67
5 47 40
5 48 55
5 49 48
5 50 60
5 51 47
5 52 24
5 53 75
5 54 1
5 55 45
5 56 97
5 57 83
5 58 46
5 59 42
5 60 26
5 61 42
5 62 96
5 63 100
5 64 1
5 65 81
5 66 2
5 67 88
5 68 80
5 69 63
5 70 41
5 71 77
5 72 60
5 73 48
5 74 13
5 75 52
5 76 9
5 77 57
5 78 70
5 79 38
5 80 39
5 81 47
5 82 37
5 83 95
5 84 0
5 85 87
5 86 61
5 87 93
5 88 13
5 89 22
5 90 77
5 91 47
5 92 49
5 93 34
5 94 23
5 95 34
5 96 61
5 97 100
5 98 53
5 99 69
5 100 10
6 7 72
6 8 53
6 9 97
6 10 5
6 11 42
6 12 49
6 13 28
6 14 19
6 15 44
6 16 29
6 17 21
6 18 83
6 19 29
6 20 4
6 21 53
6 22 63
6 23 47
6 24 40
6 25 41
6 26 98
6 27 30
6 28 0
6 29 23
6 30 68
6 31 100
6 32 67
6 33 63
6 34 88
6 35 16
6 36 51
6 37 14
6 38 93
6 39 51
6 40 13
6 41 32
6 42 48
6 43 5
6 44 62
6 45 68
6 46 65
6 47 65
6 48 65
6 49 15
6 50 24
6 51 11
6 52 2
6 53 32
6 54 40
6 55 69
6 56 73
6 57 90
6 58 20
6 59 86
6 60 11
6 61 21
6 62 96
6 63 8
6 64 47
6 65 84
6 66 9
6 67 83
6 68 70
6 69 100
6 70 0
6 71 7
6 72 9
6 73 85
6 74 37
6 75 52
6 76 61
6 77 85
6 78 48
6 79 25
6 80 21
6 81 5
6 82 32
6 83 62
6 84 25
6 85 67
6 86 46
6 87 79
6 88 63
6 89 10
6 90 49
6 91 36
6 92 19
6 93 69
6 94 62
6 95 84
6 96 97
6 97 11
6 98 8
6 99 1
6 100 89
7 8 26
7 9 33
7 10 94
7 11 35
7 12 18
7 13 72
7 14 23
7 15 97
7 16 39
7 17 53
7 18 64
7 19 38
7 20 99
7 21 54
7 22 7
7 23 22
7 24 81
7 25 40
7 26 72
7 27 69
7 28 22
7 29 81
7 30 94
7 31 73
7 32 94
7 33 3
7 34 22
7 35 45
7 36 11
7 37 18
7 38 1
7 39 13
7 40 21
7 41 44
7 42 69
7 43 51
7 44 14
7 45 77
7 46 33
7 47 100
7 48 1
7 49 8
7 50 8
7 51 95
7 52 86
7 53 92
7 54 10
7 55 96
7 56 40
7 57 65
7 58 71
7 59 63
7 60 84
7 61 26
7 62 68
7 63 31
7 64 22
7 65 39
7 66 28
7 67 71
7 68 13
7 69 50
7 70 17
7 71 71
7 72 44
7 73 27
7 74 40
7 75 58
7 76 82
7 77 59
7 78 69
7 79 93
7 80 100
7 81 72
7 82 14
7 83 30
7 84 50
7 85 20
7 86 34
7 87 62
7 88 11
7 89 14
7 90 66
7 91 76
7 92 9
7 93 28
7 94 18
7 95 89
7 96 80
7 97 7
7 98 2
7 99 48
7 100 97
8 9 27
8 10 33
8 11 25
8 12 78
8 13 7
8 14 40
8 15 53
8 16 48
8 17 49
8 18 60
8 19 73
8 20 2
8 21 81
8 22 46
8 23 33
8 24 11
8 25 66
8 26 61
8 27 73
8 28 1
8 29 3
8 30 26
8 31 29
8 32 49
8 33 8
8 34 27
8 35 51
8 36 98
8 37 64
8 38 88
8 39 29
8 40 50
8 41 81
8 42 17
8 43 19
8 44 75
8 45 42
8 46 62
8 47 11
8 48 37
8 49 6
8 50 94
8 51 67
8 52 83
8 53 5
8 54 55
8 55 50
8 56 24
8 57 9
8 58 48
8 59 10
8 60 29
8 61 33
8 62 92
8 63 83
8 64 9
8 65 85
8 66 5
8 67 85
8 68 59
8 69 94
8 70 74
8 71 69
8 72 59
8 73 61
8 74 32
8 75 10
8 76 74
8 77 93
8 78 88
8 79 97
8 80 38
8 81 19
8 82 57
8 83 42
8 84 2
8 85 51
8 86 84
8 87 98
8 88 75
8 89 19
8 90 27
8 91 67
8 92 60
8 93 72
8 94 82
8 95 76
8 96 82
8 97 79
8 98 10
8 99 17
8 100 51
9 10 38
9 11 22
9 12 95
9 13 33
9 14 20
9 15 76
9 16 84
9 17 42
9 18 93
9 19 93
9 20 6
9 21 72
9 22 25
9 23 40
9 24 8
9 25 71
9 26 99
9 27 7
9 28 10
9 29 92
9 30 66
9 31 73
9 32 51
9 33 27
9 34 75
9 35 76
9 36 90
9 37 99
9 38 94
9 39 68
9 40 96
9 41 25
9 42 65
9 43 25
9 44 45
9 45 64
9 46 79
9 47 3
9 48 25
9 49 38
9 50 95
9 51 40
9 52 71
9 53 85
9 54 95
9 55 70
9 56 43
9 57 1
9 58 96
9 59 24
9 60 56
9 61 91
9 62 19
9 63 61
9 64 3
9 65 52
9 66 90
9 67 97
9 68 68
9 69 36
9 70 92
9 71 73
9 72 74
9 73 84
9 74 9
9 75 29
9 76 41
9 77 46
9 78 4
9 79 30
9 80 9
9 81 91
9 82 86
9 83 68
9 84 23
9 85 26
9 86 82
9 87 96
9 88 38
9 89 94
9 90 64
9 91 59
9 92 6
9 93 53
9 94 59
9 95 31
9 96 57
9 97 3
9 98 87
9 99 65
9 100 9
10 11 45
10 12 7
10 13 13
10 14 7
10 15 56
10 16 53
10 17 68
10 18 45
10 19 14
10 20 80
10 21 90
10 22 93
10 23 60
10 24 82
10 25 74
10 26 56
10 27 29
10 28 39
10 29 86
10 30 12
10 31 55
10 32 46
10 33 68
10 34 7
10 35 65
10 36 10
10 37 14
10 38 45
10 39 0
10 40 1
10 41 100
10 42 14
10 43 41
10 44 37
10 45 51
10 46 48
10 47 73
10 48 100
10 49 82
10 50 56
10 51 45
10 52 44
10 53 96
10 54 90
10 55 98
10 56 38
10 57 15
10 58 30
10 59 9
10 60 73
10 61 6
10 62 9
10 63 7
10 64 8
10 65 60
10 66 61
10 67 10
10 68 78
10 69 100
10 70 98
10 71 11
10 72 65
10 73 40
10 74 7
10 75 54
10 76 24
10 77 22
10 78 55
10 79 13
10 80 94
10 81 59
10 82 25
10 83 10
10 84 31
10 85 0
10 86 93
10 87 90
10 88 2
10 89 81
10 90 78
10 91 45
10 92 27
10 93 54
10 94 39
10 95 14
10 96 44
10 97 29
10 98 85
10 99 30
10 100 3
11 12 45
11 13 86
11 14 75
11 15 23
11 16 23
11 17 41
11 18 3
11 19 75
11 20 37
11 21 36
11 22 65
11 23 60
11 24 83
11 25 35
11 26 0
11 27 66
11 28 98
11 29 98
11 30 61
11 31 41
11 32 86
11 33 25
11 34 95
11 35 78
11 36 69
11 37 81
11 38 26
11 39 33
11 40 14
11 41 95
11 42 66
11 43 17
11 44 50
11 45 100
11 46 0
11 47 66
11 48 53
11 49 76
11 50 21
11 51 84
11 52 5
11 53 81
11 54 69
11 55 38
11 56 89
11 57 6
11 58 44
11 59 90
11 60 4
11 61 17
11 62 80
11 63 91
11 64 90
11 65 8
11 66 30
11 67 20
11 68 85
11 69 49
11 70 66
11 71 66
11 72 57
11 73 16
11 74 21
11 75 97
11 76 0
11 77 95
11 78 59
11 79 85
11 80 42
11 81 14
11 82 95
11 83 60
11 84 27
11 85 30
11 86 32
11 87 5
11 88 20
11 89 25
11 90 37
11 91 62
11 92 66
11 93 76
11 94 31
11 95 95
11 96 58
11 97 70
11 98 7
11 99 26
11 100 13
12 13 8
12 14 34
12 15 49
12 16 60
12 17 46
12 18 23
12 19 67
12 20 27
12 21 57
12 22 93
12 23 77
12 24 33
12 25 19
12 26 41
12 27 11
12 28 21
12 29 31
12 30 84
12 31 40
12 32 54
12 33 48
12 34 58
12 35 57
12 36 57
12 37 76
12 38 8
12 39 75
12 40 94
12 41 100
12 42 84
12 43 21
12 44 51
12 45 75
12 46 21
12 47 100
12 48 44
12 49 2
12 50 73
12 51 75
12 52 58
12 53 77
12 54 82
12 55 92
12 56 7
12 57 23
12 58 54
12 59 61
12 60 79
12 61 94
12 62 82
12 63 49
12 64 56
12 65 97
12 66 12
12 67 60
12 68 43
12 69 3
12 70 77
12 71 3
12 72 12
12 73 24
12 74 73
12 75 6
12 76 65
12 77 27
12 78 16
12 79 66
12 80 47
12 81 1
12 82 2
12 83 11
12 84 41
12 85 99
12 86 39
12 87 41
12 88 44
12 89 29
12 90 18
12 91 25
12 92 27
12 93 29
12 94 9
12 95 68
12 96 99
12 97 8
12 98 33
12 99 74
12 100 44
13 14 42
13 15 87
13 16 64
13 17 39
13 18 85
13 19 77
13 20 30
13 21 48
13 22 19
13 23 46
13 24 60
13 25 36
13 26 36
13 27 48
13 28 93
13 29 27
13 30 27
13 31 36
13 32 23
13 33 37
13 34 2
13 35 88
13 36 97
13 37 39
13 38 49
13 39 80
13 40 10
13 41 37
13 42 34
13 43 68
13 44 6
13 45 5
13 46 72
13 47 43
13 48 94
13 49 84
13 50 23
13 51 84
13 52 39
13 53 23
13 54 36
13 55 27
13 56 60
13 57 67
13 58 37
13 59 83
13 60 73
13 61 91
13 62 28
13 63 49
13 64 35
13 65 24
13 66 66
13 67 91
13 68 7
13 69 49
13 70 68
13 71 23
13 72 78
13 73 73
13 74 68
13 75 29
13 76 44
13 77 78
13 78 78
13 79 32
13 80 67
13 81 82
13 82 74
13 83 38
13 84 3
13 85 27
13 86 70
13 87 43
13 88 90
13 89 4
13 90 9
13 91 82
13 92 24
13 93 76
13 94 84
13 95 67
13 96 92
13 97 76
13 98 65
13 99 71
13 100 42
14 15 35
14 16 69
14 17 36
14 18 1
14 19 20
14 20 47
14 21 51
14 22 84
14 23 48
14 24 90
14 25 3
14 26 13
14 27 9
14 28 0
14 29 39
14 30 28
14 31 30
14 32 50
14 33 5
14 34 63
14 35 89
14 36 14
14 37 20
14 38 8
14 39 54
14 40 22
14 41 0
14 42 31
14 43 93
14 44 42
14 45 66
14 46 71
14 47 17
14 48 62
14 49 24
14 50 79
14 51 45
14 52 57
14 53 96
14 54 45
14 55 29
14 56 92
14 57 79
14 58 4
14 59 50
14 60 28
14 61 44
14 62 37
14 63 19
14 64 56
14 65 31
14 66 56
14 67 99
14 68 54
14 69 72
14 70 99
14 71 33
14 72 96
14 73 32
14 74 39
14 75 11
14 76 2
14 77 9
14 78 8
14 79 69
14 80 53
14 81 55
14 82 3
14 83 78
14 84 94
14 85 99
14 86 17
14 87 26
14 88 53
14 89 83
14 90 5
14 91 32
14 92 80
14 93 14
14 94 16
14 95 87
14 96 54
14 97 47
14 98 32
14 99 64
14 100 32
15 16 24
15 17 35
15 18 65
15 19 75
15 20 91
15 21 84
15 22 44
15 23 42
15 24 80
15 25 68
15 26 54
15 27 42
15 28 56
15 29 65
15 30 35
15 31 5
15 32 81
15 33 87
15 34 82
15 35 11
15 36 57
15 37 95
15 38 98
15 39 20
15 40 6
15 41 31
15 42 56
15 43 2
15 44 10
15 45 57
15 46 33
15 47 32
15 48 90
15 49 21
15 50 38
15 51 8
15 52 62
15 53 12
15 54 72
15 55 42
15 56 18
15 57 63
15 58 73
15 59 19
15 60 21
15 61 18
15 62 86
15 63 24
15 64 27
15 65 95
15 66 90
15 67 75
15 68 29
15 69 66
15 70 23
15 71 7
15 72 49
15 73 41
15 74 53
15 75 93
15 76 17
15 77 80
15 78 26
15 79 88
15 80 87
15 81 40
15 82 55
15 83 20
15 84 47
15 85 61
15 86 85
15 87 74
15 88 67
15 89 8
15 90 47
15 91 96
15 92 92
15 93 85
15 94 80
15 95 57
15 96 18
15 97 19
15 98 66
15 99 0
15 100 98
16 17 73
16 18 6
16 19 28
16 20 30
16 21 58
16 22 20
16 23 8
16 24 6
16 25 89
16 26 76
16 27 68
16 28 82
16 29 47
16 30 40
16 31 52
16 32 39
16 33 50
16 34 7
16 35 64
16 36 86
16 37 4
16 38 40
16 39 18
16 40 54
16 41 59
16 42 84
16 43 21
16 44 99
16 45 79
16 46 97
16 47 55
16 48 3
16 49 0
16 50 61
16 51 17
16 52 82
16 53 97
16 54 3
16 55 32
16 56 42
16 57 52
16 58 33
16 59 7
16 60 20
16 61 65
16 62 68
16 63 87
16 64 20
16 65 6
16 66 69
16 67 90
16 68 15
16 69 41
16 70 2
16 71 89
16 72 88
16 73 72
16 74 93
16 75 17
16 76 77
16 77 12
16 78 53
16 79 58
16 80 35
16 81 37
16 82 7
16 83 83
16 84 38
16 85 26
16 86 6
16 87 38
16 88 64
16 89 99
16 90 8
16 91 35
16 92 35
16 93 85
16 94 74
16 95 19
16 96 30
16 97 42
16 98 1
16 99 63
16 100 74
17 18 95
17 19 73
17 20 44
17 21 9
17 22 69
17 23 51
17 24 29
17 25 90
17 26 0
17 27 64
17 28 88
17 29 70
17 30 42
17 31 70
17 32 94
17 33 92
17 34 18
17 35 38
17 36 84
17 37 99
17 38 92
17 39 90
17 40 76
17 41 20
17 42 76
17 43 5
17 44 92
17 45 94
17 46 18
17 47 53
17 48 23
17 49 93
17 50 13
17 51 16
17 52 78
17 53 14
17 54 62
17 55 67
17 56 61
17 57 6
17 58 37
17 59 55
17 60 85
17 61 36
17 62 63
17 63 35
17 64 84
17 65 43
17 66 70
17 67 56
17 68 67
17 69 47
17 70 98
17 71 67
17 72 21
17 73 41
17 74 30
17 75 69
17 76 33
17 77 51
17 78 25
17 79 5
17 80 11
17 81 26
17 82 62
17 83 30
17 84 21
17 85 33
17 86 98
17 87 18
17 88 20
17 89 33
17 90 45
17 91 61
17 92 18
17 93 60
17 94 51
17 95 17
17 96 92
17 97 5
17 98 64
17 99 85
17 100 35
18 19 97
18 20 45
18 21 31
18 22 77
18 23 86
18 24 47
18 25 32
18 26 97
18 27 12
18 28 10
18 29 0
18 30 56
18 31 80
18 32 70
18 33 81
18 34 99
18 35 53
18 36 67
18 37 77
18 38 53
18 39 2
18 40 68
18 41 15
18 42 9
18 43 26
18 44 20
18 45 2
18 46 18
18 47 1
18 48 20
18 49 58
18 50 11
18 51 19
18 52 84
18 53 66
18 54 54
18 55 2
18 56 66
18 57 65
18 58 2
18 59 66
18 60 99
18 61 14
18 62 37
18 63 23
18 64 62
18 65 54
18 66 67
18 67 36
18 68 4
18 69 85
18 70 96
18 71 77
18 72 68
18 73 42
18 74 95
18 75 19
18 76 29
18 77 5
18 78 15
18 79 10
18 80 64
18 81 54
18 82 18
18 83 96
18 84 100
18 85 49
18 86 89
18 87 44
18 88 73
18 89 36
18 90 83
18 91 54
18 92 80
18 93 90
18 94 9
18 95 53
18 96 68
18 97 10
18 98 29
18 99 48
18 100 84
19 20 50
19 21 4
19 22 95
19 23 9
19 24 62
19 25 65
19 26 9
19 27 11
19 28 5
19 29 7
19 30 2
19 31 39
19 32 56
19 33 82
19 34 24
19 35 17
19 36 77
19 37 58
19 38 18
19 39 31
19 40 97
19 41 73
19 42 91
19 43 87
19 44 62
19 45 15
19 46 55
19 47 36
19 48 19
19 49 30
19 50 89
19 51 20
19 52 23
19 53 13
19 54 41
19 55 65
19 56 33
19 57 70
19 58 4
19 59 84
19 60 59
19 61 78
19 62 94
19 63 85
19 64 89
19 65 32
19 66 83
19 67 59
19 68 57
19 69 8
19 70 1
19 71 69
19 72 53
19 73 50
19 74 22
19 75 4
19 76 40
19 77 91
19 78 49
19 79 10
19 80 27
19 81 87
19 82 90
19 83 57
19 84 92
19 85 73
19 86 81
19 87 100
19 88 24
19 89 24
19 90 88
19 91 23
19 92 77
19 93 71
19 94 95
19 95 50
19 96 70
19 97 76
19 98 57
19 99 50
19 100 19
20 21 7
20 22 69
20 23 10
20 24 100
20 25 33
20 26 26
20 27 89
20 28 70
20 29 68
20 30 18
20 31 80
20 32 71
20 33 20
20 34 100
20 35 94
20 36 81
20 37 88
20 38 34
20 39 55
20 40 24
20 41 63
20 42 22
20 43 79
20 44 31
20 45 14
20 46 93
20 47 35
20 48 59
20 49 1
20 50 21
20 51 18
20 52 98
20 53 94
20 54 64
20 55 56
20 56 78
20 57 57
20 58 55
20 59 42
20 60 64
20 61 18
20 62 12
20 63 41
20 64 71
20 65 76
20 66 62
20 67 63
20 68 92
20 69 17
20 70 70
20 71 61
20 72 86
20 73 21
20 74 8
20 75 28
20 76 78
20 77 74
20 78 23
20 79 17
20 80 74
20 81 67
20 82 88
20 83 2
20 84 7
20 85 99
20 86 46
20 87 28
20 88 99
20 89 77
20 90 35
20 91 50
20 92 52
20 93 82
20 94 57
20 95 58
20 96 2
20 97 38
20 98 74
20 99 6
20 100 9
21 22 30
21 23 99
21 24 23
21 25 2
21 26 93
21 27 25
21 28 9
21 29 82
21 30 75
21 31 63
21 32 89
21 33 88
21 34 84
21 35 25
21 36 37
21 37 88
21 38 89
21 39 48
21 40 67
21 41 81
21 42 100
21 43 58
21 44 13
21 45 71
21 46 11
21 47 100
21 48 14
21 49 66
21 50 77
21 51 79
21 52 98
21 53 35
21 54 47
21 55 65
21 56 59
21 57 63
21 58 92
21 59 66
21 60 4
21 61 55
21 62 78
21 63 86
21 64 4
21 65 94
21 66 29
21 67 38
21 68 40
21 69 35
21 70 23
21 71 32
21 72 38
21 73 27
21 74 43
21 75 83
21 76 64
21 77 49
21 78 9
21 79 32
21 80 2
21 81 99
21 82 92
21 83 72
21 84 91
21 85 1
21 86 53
21 87 40
21 88 44
21 89 2
21 90 41
21 91 39
21 92 40
21 93 55
21 94 17
21 95 28
21 96 20
21 97 36
21 98 76
21 99 78
21 100 69
22 23 97
22 24 88
22 25 53
22 26 74
22 27 38
22 28 1
22 29 25
22 30 31
22 31 26
22 32 3
22 33 41
22 34 93
22 35 42
22 36 3
22 37 40
22 38 84
22 39 46
22 40 50
22 41 98
22 42 98
22 43 95
22 44 71
22 45 13
22 46 67
22 47 29
22 48 26
22 49 85
22 50 73
22 51 4
22 52 98
22 53 84
22 54 61
22 55 2
22 56 92
22 57 78
22 58 77
22 59 62
22 60 65
22 61 20
22 62 49
22 63 61
22 64 67
22 65 31
22 66 61
22 67 7
22 68 74
22 69 22
22 70 57
22 71 0
22 72 5
22 73 96
22 74 6
22 75 81
22 76 25
22 77 2
22 78 18
22 79 34
22 80 76
22 81 68
22 82 87
22 83 18
22 84 17
22 85 76
22 86 84
22 87 40
22 88 31
22 89 86
22 90 89
22 91 19
22 92 33
22 93 81
22 94 49
22 95 24
22 96 83
22 97 78
22 98 85
22 99 22
22 100 93
23 24 35
23 25 74
23 26 55
23 27 53
23 28 100
23 29 9
23 30 29
23 31 30
23 32 49
23 33 58
23 34 100
23 35 65
23 36 94
23 37 47
23 38 72
23 39 22
23 40 0
23 41 39
23 42 89
23 43 53
23 44 97
23 45 57
23 46 70
23 47 52
23 48 0
23 49 8
23 50 39
23 51 85
23 52 44
23 53 100
23 54 45
23 55 63
23 56 6
23 57 40
23 58 16
23 59 21
23 60 89
23 61 65
23 62 1
23 63 23
23 64 16
23 65 16
23 66 39
23 67 45
23 68 81
23 69 81
23 70 94
23 71 20
23 72 75
23 73 72
23 74 57
23 75 26
23 76 12
23 77 68
23 78 33
23 79 6
23 80 30
23 81 59
23 82 75
23 83 85
23 84 20
23 85 31
23 86 70
23 87 11
23 88 17
23 89 41
23 90 23
23 91 51
23 92 19
23 93 31
23 94 31
23 95 36
23 96 49
23 97 33
23 98 59
23 99 48
23 100 23
24 25 59
24 26 29
24 27 56
24 28 97
24 29 94
24 30 26
24 31 23
24 32 64
24 33 33
24 34 92
24 35 31
24 36 2
24 37 28
24 38 30
24 39 29
24 40 85
24 41 71
24 42 8
24 43 26
24 44 23
24 45 54
24 46 48
24 47 78
24 48 34
24 49 87
24 50 67
24 51 78
24 52 53
24 53 77
24 54 64
24 55 55
24 56 57
24 57 39
24 58 96
24 59 48
24 60 5
24 61 87
24 62 50
24 63 15
24 64 91
24 65 66
24 66 39
24 67 58
24 68 68
24 69 67
24 70 100
24 71 46
24 72 41
24 73 86
24 74 52
24 75 28
24 76 30
24 77 90
24 78 10
24 79 20
24 80 16
24 81 78
24 82 4
24 83 15
24 84 3
24 85 24
24 86 72
24 87 8
24 88 97
24 89 31
24 90 68
24 91 31
24 92 10
24 93 78
24 94 82
24 95 8
24 96 91
24 97 46
24 98 85
24 99 6
24 100 70
25 26 87
25 27 72
25 28 44
25 29 0
25 30 40
25 31 61
25 32 66
25 33 51
25 34 52
25 35 42
25 36 72
25 37 6
25 38 34
25 39 4
25 40 33
25 41 47
25 42 48
25 43 43
25 44 89
25 45 69
25 46 35
25 47 50
25 48 40
25 49 94
25 50 89
25 51 73
25 52 8
25 53 92
25 54 71
25 55 16
25 56 4
25 57 89
25 58 53
25 59 58
25 60 13
25 61 93
25 62 98
25 63 37
25 64 3
25 65 40
25 66 42
25 67 3
25 68 8
25 69 0
25 70 67
25 71 4
25 72 76
25 73 16
25 74 74
25 75 61
25 76 58
25 77 97
25 78 54
25 79 84
25 80 8
25 81 75
25 82 70
25 83 19
25 84 69
25 85 80
25 86 100
25 87 5
25 88 58
25 89 27
25 90 40
25 91 73
25 92 15
25 93 79
25 94 42
25 95 86
25 96 59
25 97 16
25 98 74
25 99 91
25 100 8
26 27 41
26 28 95
26 29 85
26 30 3
26 31 4
26 32 24
26 33 17
26 34 37
26 35 62
26 36 33
26 37 30
26 38 63
26 39 48
26 40 65
26 41 27
26 42 41
26 43 96
26 44 86
26 45 59
26 46 16
26 47 35
26 48 49
26 49 94
26 50 80
26 51 86
26 52 56
26 53 95
26 54 47
26 55 65
26 56 18
26 57 53
26 58 2
26 59 95
26 60 34
26 61 77
26 62 8
26 63 59
26 64 12
26 65 4
26 66 72
26 67 79
26 68 71
26 69 2
26 70 41
26 71 78
26 72 71
26 73 98
26 74 100
26 75 40
26 76 91
26 77 40
26 78 33
26 79 100
26 80 13
26 81 33
26 82 12
26 83 21
26 84 63
26 85 7
26 86 64
26 87 99
26 88 15
26 89 70
26 90 99
26 91 44
26 92 69
26 93 65
26 94 51
26 95 97
26 96 100
26 97 18
26 98 4
26 99 70
26 100 70
27 28 84
27 29 22
27 30 95
27 31 5
27 32 74
27 33 81
27 34 20
27 35 55
27 36 37
27 37 74
27 38 87
27 39 47
27 40 19
27 41 49
27 42 20
27 43 67
27 44 98
27 45 79
27 46 18
27 47 10
27 48 13
27 49 88
27 50 79
27 51 60
27 52 96
27 53 45
27 54 62
27 55 73
27 56 16
27 57 14
27 58 51
27 59 9
27 60 76
27 61 18
27 62 91
27 63 20
27 64 70
27 65 88
27 66 4
27 67 66
27 68 24
27 69 26
27 70 13
27 71 100
27 72 73
27 73 14
27 74 8
27 75 93
27 76 54
27 77 75
27 78 22
27 79 9
27 80 86
27 81 27
27 82 67
27 83 43
27 84 92
27 85 13
27 86 58
27 87 18
27 88 74
27 89 7
27 90 3
27 91 21
27 92 57
27 93 29
27 94 49
27 95 53
27 96 44
27 97 73
27 98 15
27 99 100
27 100 6
28 29 75
28 30 31
28 31 62
28 32 15
28 33 58
28 34 73
28 35 17
28 36 31
28 37 29
28 38 27
28 39 66
28 40 71
28 41 9
28 42 94
28 43 29
28 44 35
28 45 51
28 46 36
28 47 49
28 48 98
28 49 97
28 50 94
28 51 17
28 52 89
28 53 56
28 54 10
28 55 55
28 56 20
28 57 94
28 58 95
28 59 10
28 60 52
28 61 54
28 62 74
28 63 56
28 64 0
28 65 20
28 66 31
28 67 100
28 68 17
28 69 54
28 70 62
28 71 56
28 72 73
28 73 93
28 74 57
28 75 57
28 76 5
28 77 60
28 78 96
28 79 80
28 80 86
28 81 17
28 82 11
28 83 47
28 84 62
28 85 44
28 86 77
28 87 47
28 88 56
28 89 41
28 90 8
28 91 32
28 92 11
28 93 100
28 94 64
28 95 78
28 96 55
28 97 21
28 98 62
28 99 56
28 100 38
29 30 84
29 31 34
29 32 59
29 33 6
29 34 89
29 35 72
29 36 14
29 37 26
29 38 84
29 39 43
29 40 1
29 41 81
29 42 75
29 43 34
29 44 39
29 45 3
29 46 27
29 47 79
29 48 45
29 49 52
29 50 68
29 51 88
29 52 18
29 53 22
29 54 41
29 55 47
29 56 66
29 57 42
29 58 12
29 59 93
29 60 45
29 61 42
29 62 56
29 63 65
29 64 74
29 65 96
29 66 77
29 67 38
29 68 19
29 69 43
29 70 91
29 71 95
29 72 22
29 73 35
29 74 53
29 75 25
29 76 31
29 77 45
29 78 41
29 79 46
29 80 20
29 81 53
29 82 22
29 83 20
29 84 82
29 85 76
29 86 79
29 87 58
29 88 83
29 89 27
29 90 16
29 91 12
29 92 58
29 93 3
29 94 36
29 95 36
29 96 85
29 97 34
29 98 75
29 99 96
29 100 76
30 31 11
30 32 68
30 33 72
30 34 6
30 35 62
30 36 95
30 37 76
30 38 17
30 39 0
30 40 28
30 41 25
30 42 90
30 43 26
30 44 62
30 45 24
30 46 50
30 47 96
30 48 91
30 49 52
30 50 96
30 51 100
30 52 63
30 53 4
30 54 8
30 55 87
30 56 2
30 57 64
30 58 91
30 59 72
30 60 59
30 61 60
30 62 27
30 63 29
30 64 6
30 65 57
30 66 74
30 67 4
30 68 49
30 69 54
30 70 72
30 71 5
30 72 90
30 73 35
30 74 18
30 75 39
30 76 20
30 77 38
30 78 70
30 79 56
30 80 6
30 81 100
30 82 100
30 83 16
30 84 29
30 85 82
30 86 72
30 87 23
30 88 19
30 89 13
30 90 15
30 91 52
30 92 4
30 93 31
30 94 50
30 95 66
30 96 9
30 97 53
30 98 16
30 99 60
30 100 60
31 32 40
31 33 40
31 34 10
31 35 82
31 36 32
31 37 1
31 38 95
31 39 32
31 40 54
31 41 33
31 42 72
31 43 51
31 44 77
31 45 46
31 46 27
31 47 58
31 48 66
31 49 41
31 50 74
31 51 33
31 52 1
31 53 27
31 54 27
31 55 33
31 56 17
31 57 33
31 58 14
31 59 37
31 60 27
31 61 35
31 62 94
31 63 22
31 64 33
31 65 48
31 66 41
31 67 4
31 68 18
31 69 71
31 70 29
31 71 92
31 72 43
31 73 75
31 74 96
31 75 30
31 76 58
31 77 75
31 78 0
31 79 22
31 80 23
31 81 61
31 82 4
31 83 30
31 84 61
31 85 46
31 86 76
31 87 92
31 88 9
31 89 32
31 90 96
31 91 15
31 92 76
31 93 59
31 94 14
31 95 22
31 96 80
31 97 78
31 98 76
31 99 79
31 100 60
32 33 26
32 34 58
32 35 19
32 36 40
32 37 55
32 38 38
32 39 58
32 40 32
32 41 68
32 42 16
32 43 35
32 44 19
32 45 42
32 46 4
32 47 93
32 48 27
32 49 24
32 50 36
32 51 18
32 52 66
32 53 40
32 54 96
32 55 97
32 56 90
32 57 27
32 58 2
32 59 92
32 60 71
32 61 11
32 62 60
32 63 39
32 64 89
32 65 59
32 66 51
32 67 34
32 68 34
32 69 84
32 70 83
32 71 88
32 72 93
32 73 89
32 74 87
32 75 81
32 76 44
32 77 27
32 78 95
32 79 69
32 80 77
32 81 82
32 82 98
32 83 71
32 84 69
32 85 64
32 86 30
32 87 84
32 88 92
32 89 79
32 90 44
32 91 11
32 92 17
32 93 48
32 94 53
32 95 64
32 96 17
32 97 77
32 98 18
32 99 38
32 100 73
33 34 95
33 35 67
33 36 53
33 37 83
33 38 36
33 39 54
33 40 82
33 41 51
33 42 16
33 43 7
33 44 87
33 45 72
33 46 92
33 47 49
33 48 7
33 49 59
33 50 75
33 51 5
33 52 28
33 53 80
33 54 21
33 55 79
33 56 94
33 57 21
33 58 16
33 59 36
33 60 81
33 61 17
33 62 51
33 63 59
33 64 34
33 65 48
33 66 37
33 67 96
33 68 3
33 69 86
33 70 94
33 71 20
33 72 25
33 73 16
33 74 11
33 75 42
33 76 63
33 77 57
33 78 12
33 79 95
33 80 22
33 81 100
33 82 29
33 83 8
33 84 92
33 85 27
33 86 62
33 87 92
33 88 74
33 89 47
33 90 20
33 91 31
33 92 18
33 93 42
33 94 62
33 95 47
33 96 67
33 97 77
33 98 89
33 99 14
33 100 19
34 35 42
34 36 53
34 37 83
34 38 90
34 39 71
34 40 16
34 41 3
34 42 69
34 43 99
34 44 38
34 45 36
34 46 11
34 47 97
34 48 16
34 49 89
34 50 94
34 51 80
34 52 30
34 53 72
34 54 63
34 55 5
34 56 71
34 57 78
34 58 81
34 59 70
34 60 39
34 61 48
34 62 42
34 63 19
34 64 17
34 65 73
34 66 83
34 67 31
34 68 99
34 69 47
34 70 37
34 71 2
34 72 60
34 73 70
34 74 2
34 75 89
34 76 19
34 77 63
34 78 29
34 79 74
34 80 63
34 81 58
34 82 78
34 83 13
34 84 37
34 85 83
34 86 33
34 87 50
34 88 20
34 89 84
34 90 78
34 91 89
34 92 74
34 93 9
34 94 11
34 95 64
34 96 79
34 97 73
34 98 66
34 99 30
34 100 31
35 36 81
35 37 62
35 38 91
35 39 17
35 40 14
35 41 52
35 42 67
35 43 98
35 44 50
35 45 100
35 46 5
35 47 17
35 48 71
35 49 90
35 50 85
35 51 3
35 52 51
35 53 47
35 54 46
35 55 95
35 56 87
35 57 37
35 58 81
35 59 62
35 60 72
35 61 31
35 62 13
35 63 75
35 64 13
35 65 24
35 66 64
35 67 54
35 68 59
35 69 55
35 70 72
35 71 92
35 72 78
35 73 32
35 74 15
35 75 50
35 76 12
35 77 43
35 78 64
35 79 2
35 80 6
35 81 8
35 82 69
35 83 64
35 84 41
35 85 98
35 86 24
35 87 17
35 88 56
35 89 20
35 90 59
35 91 31
35 92 43
35 93 97
35 94 25
35 95 62
35 96 2
35 97 4
35 98 59
35 99 9
35 100 69
36 37 23
36 38 31
36 39 28
36 40 86
36 41 61
36 42 32
36 43 96
36 44 100
36 45 17
36 46 0
36 47 77
36 48 45
36 49 29
36 50 27
36 51 55
36 52 97
36 53 38
36 54 98
36 55 87
36 56 58
36 57 84
36 58 49
36 59 60
36 60 47
36 61 89
36 62 18
36 63 71
36 64 33
36 65 26
36 66 41
36 67 97
36 68 87
36 69 32
36 70 11
36 71 96
36 72 62
36 73 7
36 74 21
36 75 25
36 76 73
36 77 65
36 78 33
36 79 84
36 80 51
36 81 28
36 82 21
36 83 60
36 84 99
36 85 47
36 86 70
36 87 86
36 88 42
36 89 86
36 90 70
36 91 50
36 92 13
36 93 16
36 94 3
36 95 53
36 96 45
36 97 80
36 98 52
36 99 46
36 100 20
37 38 86
37 39 41
37 40 52
37 41 71
37 42 41
37 43 51
37 44 49
37 45 24
37 46 86
37 47 1
37 48 24
37 49 23
37 50 52
37 51 54
37 52 20
37 53 31
37 54 13
37 55 6
37 56 47
37 57 64
37 58 40
37 59 71
37 60 66
37 61 45
37 62 39
37 63 87
37 64 51
37 65 92
37 66 26
37 67 15
37 68 16
37 69 57
37 70 78
37 71 79
37 72 84
37 73 24
37 74 86
37 75 37
37 76 55
37 77 76
37 78 76
37 79 72
37 80 73
37 81 30
37 82 67
37 83 55
37 84 0
37 85 95
37 86 22
37 87 96
37 88 86
37 89 97
37 90 91
37 91 13
37 92 27
37 93 98
37 94 30
37 95 46
37 96 26
37 97 80
37 98 35
37 99 16
37 100 72
38 39 76
38 40 7
38 41 73
38 42 45
38 43 68
38 44 64
38 45 52
38 46 82
38 47 5
38 48 42
38 49 73
38 50 48
38 51 2
38 52 49
38 53 84
38 54 45
38 55 83
38 56 95
38 57 53
38 58 88
38 59 14
38 60 28
38 61 40
38 62 53
38 63 93
38 64 80
38 65 17
38 66 73
38 67 17
38 68 69
38 69 10
38 70 38
38 71 2
38 72 1
38 73 29
38 74 76
38 75 42
38 76 14
38 77 1
38 78 1
38 79 1
38 80 63
38 81 29
38 82 28
38 83 96
38 84 30
38 85 50
38 86 84
38 87 70
38 88 86
38 89 56
38 90 22
38 91 27
38 92 53
38 93 83
38 94 76
38 95 8
38 96 77
38 97 42
38 98 5
38 99 75
38 100 61
39 40 95
39 41 49
39 42 21
39 43 32
39 44 44
39 45 30
39 46 85
39 47 88
39 48 95
39 49 36
39 50 33
39 51 25
39 52 9
39 53 71
39 54 6
39 55 90
39 56 39
39 57 83
39 58 14
39 59 56
39 60 38
39 61 53
39 62 17
39 63 70
39 64 47
39 65 43
39 66 48
39 67 51
39 68 80
39 69 79
39 70 26
39 71 61
39 72 81
39 73 68
39 74 95
39 75 21
39 76 24
39 77 93
39 78 24
39 79 38
39 80 24
39 81 32
39 82 26
39 83 89
39 84 10
39 85 35
39 86 100
39 87 80
39 88 37
39 89 81
39 90 42
39 91 69
39 92 71
39 93 46
39 94 2
39 95 57
39 96 70
39 97 30
39 98 73
39 99 81
39 100 26
40 41 74
40 42 28
40 43 31
40 44 42
40 45 85
40 46 2
40 47 73
40 48 82
40 49 86
40 50 72
40 51 23
40 52 43
40 53 57
40 54 29
40 55 82
40 56 22
40 57 61
40 58 45
40 59 93
40 60 80
40 61 12
40 62 58
40 63 34
40 64 18
40 65 50
40 66 35
40 67 73
40 68 4
40 69 69
40 70 53
40 71 96
40 72 32
40 73 93
40 74 57
40 75 17
40 76 0
40 77 50
40 78 67
40 79 14
40 80 74
40 81 97
40 82 28
40 83 60
40 84 23
40 85 79
40 86 67
40 87 83
40 88 81
40 89 47
40 90 22
40 91 96
40 92 99
40 93 78
40 94 36
40 95 75
40 96 72
40 97 60
40 98 92
40 99 9
40 100 22
41 42 52
41 43 89
41 44 3
41 45 87
41 46 69
41 47 58
41 48 28
41 49 21
41 50 17
41 51 59
41 52 20
41 53 56
41 54 2
41 55 85
41 56 14
41 57 70
41 58 78
41 59 71
41 60 43
41 61 97
41 62 55
41 63 80
41 64 16
41 65 76
41 66 37
41 67 44
41 68 43
41 69 22
41 70 5
41 71 30
41 72 72
41 73 37
41 74 44
41 75 37
41 76 19
41 77 76
41 78 35
41 79 9
41 80 77
41 81 61
41 82 18
41 83 3
41 84 100
41 85 88
41 86 68
41 87 52
41 88 7
41 89 60
41 90 11
41 91 73
41 92 19
41 93 8
41 94 58
41 95 98
41 96 57
41 97 47
41 98 98
41 99 6
41 100 53
42 43 98
42 44 38
42 45 0
42 46 98
42 47 83
42 48 55
42 49 15
42 50 27
42 51 31
42 52 59
42 53 87
42 54 91
42 55 95
42 56 11
42 57 83
42 58 29
42 59 21
42 60 1
42 61 29
42 62 82
42 63 50
42 64 94
42 65 10
42 66 98
42 67 22
42 68 49
42 69 39
42 70 82
42 71 56
42 72 81
42 73 54
42 74 32
42 75 15
42 76 52
42 77 99
42 78 81
42 79 21
42 80 41
42 81 52
42 82 26
42 83 63
42 84 85
42 85 17
42 86 99
42 87 95
42 88 37
42 89 21
42 90 57
42 91 48
42 92 39
42 93 14
42 94 10
42 95 55
42 96 13
42 97 84
42 98 94
42 99 65
42 100 32
43 44 95
43 45 27
43 46 50
43 47 54
43 48 9
43 49 31
43 50 16
43 51 73
43 52 56
43 53 25
43 54 17
43 55 28
43 56 19
43 57 71
43 58 74
43 59 49
43 60 10
43 61 4
43 62 66
43 63 67
43 64 30
43 65 14
43 66 92
43 67 29
43 68 39
43 69 3
43 70 33
43 71 13
43 72 73
43 73 8
43 74 74
43 75 48
43 76 14
43 77 50
43 78 0
43 79 33
43 80 67
43 81 82
43 82 92
43 83 62
43 84 64
43 85 33
43 86 23
43 87 77
43 88 69
43 89 78
43 90 79
43 91 73
43 92 86
43 93 32
43 94 48
43 95 52
43 96 39
43 97 63
43 98 64
43 99 19
43 100 44
44 45 51
44 46 91
44 47 17
44 48 59
44 49 53
44 50 59
44 51 1
44 52 58
44 53 95
44 54 32
44 55 18
44 56 62
44 57 2
44 58 73
44 59 86
44 60 97
44 61 42
44 62 98
44 63 80
44 64 38
44 65 30
44 66 66
44 67 64
44 68 45
44 69 38
44 70 73
44 71 13
44 72 16
44 73 12
44 74 35
44 75 77
44 76 91
44 77 36
44 78 93
44 79 63
44 80 62
44 81 89
44 82 92
44 83 12
44 84 83
44 85 63
44 86 93
44 87 32
44 88 74
44 89 45
44 90 3
44 91 0
44 92 93
44 93 81
44 94 2
44 95 48
44 96 73
44 97 6
44 98 50
44 99 24
44 100 31
45 46 80
45 47 39
45 48 41
45 49 86
45 50 81
45 51 85
45 52 37
45 53 35
45 54 52
45 55 53
45 56 2
45 57 8
45 58 12
45 59 14
45 60 47
45 61 51
45 62 65
45 63 46
45 64 52
45 65 7
45 66 90
45 67 78
45 68 50
45 69 9
45 70 96
45 71 27
45 72 12
45 73 4
45 74 31
45 75 68
45 76 63
45 77 68
45 78 81
45 79 6
45 80 49
45 81 88
45 82 5
45 83 16
45 84 63
45 85 51
45 86 83
45 87 67
45 88 77
45 89 42
45 90 5
45 91 56
45 92 18
45 93 71
45 94 30
45 95 32
45 96 50
45 97 86
45 98 66
45 99 10
45 100 98
46 47 80
46 48 13
46 49 47
46 50 37
46 51 66
46 52 74
46 53 27
46 54 97
46 55 36
46 56 85
46 57 49
46 58 82
46 59 32
46 60 37
46 61 22
46 62 66
46 63 39
46 64 23
46 65 64
46 66 58
46 67 82
46 68 7
46 69 7
46 70 63
46 71 45
46 72 47
46 73 58
46 74 42
46 75 79
46 76 41
46 77 71
46 78 26
46 79 7
46 80 73
46 81 13
46 82 56
46 83 40
46 84 71
46 85 74
46 86 29
46 87 31
46 88 42
46 89 4
46 90 90
46 91 55
46 92 61
46 93 100
46 94 56
46 95 38
46 96 18
46 97 82
46 98 70
46 99 92
46 100 94
47 48 83
47 49 81
47 50 90
47 51 87
47 52 24
47 53 78
47 54 83
47 55 96
47 56 61
47 57 55
47 58 65
47 59 33
47 60 67
47 61 61
47 62 41
47 63 99
47 64 40
47 65 50
47 66 51
47 67 83
47 68 2
47 69 85
47 70 9
47 71 29
47 72 26
47 73 29
47 74 98
47 75 37
47 76 94
47 77 39
47 78 97
47 79 18
47 80 97
47 81 84
47 82 54
47 83 42
47 84 67
47 85 24
47 86 100
47 87 93
47 88 89
47 89 65
47 90 2
47 91 76
47 92 99
47 93 4
47 94 24
47 95 26
47 96 63
47 97 60
47 98 94
47 99 16
47 100 58
48 49 26
48 50 13
48 51 32
48 52 98
48 53 56
48 54 27
48 55 33
48 56 70
48 57 66
48 58 17
48 59 10
48 60 22
48 61 99
48 62 66
48 63 95
48 64 47
48 65 59
48 66 37
48 67 85
48 68 38
48 69 17
48 70 31
48 71 39
48 72 99
48 73 96
48 74 35
48 75 80
48 76 71
48 77 74
48 78 63
48 79 55
48 80 2
48 81 48
48 82 91
48 83 59
48 84 100
48 85 93
48 86 44
48 87 85
48 88 100
48 89 87
48 90 61
48 91 23
48 92 81
48 93 35
48 94 65
48 95 11
48 96 57
48 97 19
48 98 14
48 99 46
48 100 8
49 50 66
49 51 0
49 52 87
49 53 34
49 54 83
49 55 45
49 56 56
49 57 6
49 58 56
49 59 41
49 60 27
49 61 66
49 62 53
49 63 35
49 64 47
49 65 53
49 66 66
49 67 28
49 68 96
49 69 6
49 70 44
49 71 28
49 72 95
49 73 12
49 74 100
49 75 88
49 76 84
49 77 27
49 78 5
49 79 81
49 80 69
49 81 57
49 82 64
49 83 58
49 84 62
49 85 83
49 86 29
49 87 83
49 88 62
49 89 85
49 90 91
49 91 96
49 92 59
49 93 53
49 94 99
49 95 90
49 96 66
49 97 50
49 98 46
49 99 67
49 100 47
50 51 64
50 52 85
50 53 87
50 54 29
50 55 23
50 56 11
50 57 47
50 58 12
50 59 90
50 60 23
50 61 51
50 62 26
50 63 55
50 64 6
50 65 32
50 66 45
50 67 89
50 68 53
50 69 51
50 70 27
50 71 68
50 72 72
50 73 39
50 74 41
50 75 71
50 76 11
50 77 24
50 78 60
50 79 52
50 80 14
50 81 13
50 82 24
50 83 40
50 84 35
50 85 4
50 86 8
50 87 76
50 88 83
50 89 45
50 90 91
50 91 22
50 92 97
50 93 95
50 94 81
50 95 74
50 96 31
50 97 3
50 98 82
50 99 92
50 100 6
51 52 71
51 53 72
51 54 21
51 55 22
51 56 58
51 57 60
51 58 17
51 59 83
51 60 11
51 61 6
51 62 37
51 63 47
51 64 27
51 65 85
51 66 7
51 67 95
51 68 77
51 69 60
51 70 53
51 71 38
51 72 77
51 73 40
51 74 16
51 75 36
51 76 31
51 77 21
51 78 25
51 79 86
51 80 57
51 81 95
51 82 30
51 83 15
51 84 77
51 85 79
51 86 22
51 87 16
51 88 76
51 89 40
51 90 69
51 91 35
51 92 36
51 93 37
51 94 44
51 95 64
51 96 71
51 97 24
51 98 29
51 99 50
51 100 100
52 53 4
52 54 59
52 55 28
52 56 13
52 57 6
52 58 34
52 59 24
52 60 3
52 61 22
52 62 90
52 63 33
52 64 34
52 65 67
52 66 63
52 67 92
52 68 96
52 69 46
52 70 15
52 71 23
52 72 70
52 73 13
52 74 63
52 75 94
52 76 56
52 77 49
52 78 77
52 79 98
52 80 39
52 81 24
52 82 0
52 83 94
52 84 69
52 85 21
52 86 92
52 87 19
52 88 18
52 89 87
52 90 47
52 91 10
52 92 31
52 93 9
52 94 11
52 95 1
52 96 51
52 97 35
52 98 91
52 99 52
52 100 67
53 54 69
53 55 55
53 56 39
53 57 29
53 58 69
53 59 4
53 60 65
53 61 77
53 62 53
53 63 57
53 64 87
53 65 47
53 66 51
53 67 96
53 68 4
53 69 76
53 70 68
53 71 53
53 72 58
53 73 35
53 74 95
53 75 21
53 76 17
53 77 24
53 78 29
53 79 55
53 80 74
53 81 14
53 82 46
53 83 80
53 84 33
53 85 22
53 86 96
53 87 20
53 88 69
53 89 26
53 90 32
53 91 45
53 92 30
53 93 55
53 94 52
53 95 70
53 96 73
53 97 17
53 98 97
53 99 72
53 100 3
54 55 16
54 56 20
54 57 69
54 58 72
54 59 24
54 60 52
54 61 93
54 62 97
54 63 78
54 64 76
54 65 65
54 66 40
54 67 87
54 68 17
54 69 35
54 70 2
54 71 79
54 72 12
54 73 22
54 74 36
54 75 81
54 76 86
54 77 17
54 78 26
54 79 79
54 80 66
54 81 78
54 82 32
54 83 56
54 84 53
54 85 14
54 86 3
54 87 76
54 88 32
54 89 0
54 90 56
54 91 15
54 92 71
54 93 56
54 94 40
54 95 43
54 96 48
54 97 12
54 98 75
54 99 94
54 100 7
55 56 15
55 57 33
55 58 89
55 59 12
55 60 45
55 61 69
55 62 86
55 63 8
55 64 38
55 65 93
55 66 57
55 67 32
55 68 32
55 69 49
55 70 23
55 71 37
55 72 88
55 73 88
55 74 48
55 75 70
55 76 70
55 77 67
55 78 82
55 79 76
55 80 83
55 81 17
55 82 35
55 83 61
55 84 1
55 85 28
55 86 56
55 87 33
55 88 81
55 89 24
55 90 38
55 91 65
55 92 89
55 93 7
55 94 75
55 95 59
55 96 77
55 97 23
55 98 40
55 99 35
55 100 100
56 57 97
56 58 33
56 59 82
56 60 93
56 61 6
56 62 38
56 63 90
56 64 66
56 65 7
56 66 83
56 67 6
56 68 6
56 69 83
56 70 88
56 71 48
56 72 58
56 73 84
56 74 30
56 75 10
56 76 32
56 77 16
56 78 25
56 79 41
56 80 2
56 81 49
56 82 52
56 83 85
56 84 82
56 85 86
56 86 65
56 87 2
56 88 26
56 89 37
56 90 77
56 91 12
56 92 45
56 93 100
56 94 0
56 95 61
56 96 87
56 97 56
56 98 18
56 99 45
56 100 29
57 58 76
57 59 64
57 60 78
57 61 91
57 62 25
57 63 22
57 64 45
57 65 52
57 66 37
57 67 90
57 68 5
57 69 21
57 70 29
57 71 62
57 72 44
57 73 5
57 74 44
57 75 20
57 76 71
57 77 49
57 78 10
57 79 52
57 80 71
57 81 26
57 82 22
57 83 77
57 84 17
57 85 31
57 86 63
57 87 78
57 88 63
57 89 73
57 90 96
57 91 30
57 92 71
57 93 83
57 94 75
57 95 21
57 96 24
57 97 31
57 98 36
57 99 57
57 100 78
58 59 66
58 60 79
58 61 19
58 62 14
58 63 20
58 64 5
58 65 37
58 66 50
58 67 58
58 68 91
58 69 75
58 70 48
58 71 44
58 72 85
58 73 13
58 74 3
58 75 37
58 76 53
58 77 17
58 78 92
58 79 49
58 80 34
58 81 85
58 82 80
58 83 79
58 84 80
58 85 30
58 86 70
58 87 8
58 88 37
58 89 88
58 90 37
58 91 92
58 92 1
58 93 100
58 94 35
58 95 15
58 96 34
58 97 48
58 98 80
58 99 60
58 100 28
59 60 71
59 61 44
59 62 38
59 63 60
59 64 91
59 65 57
59 66 5
59 67 7
59 68 16
59 69 55
59 70 49
59 71 47
59 72 12
59 73 37
59 74 93
59 75 76
59 76 99
59 77 80
59 78 76
59 79 0
59 80 7
59 81 98
59 82 10
59 83 65
59 84 1
59 85 91
59 86 32
59 87 48
59 88 70
59 89 42
59 90 70
59 91 75
59 92 7
59 93 34
59 94 3
59 95 33
59 96 34
59 97 41
59 98 24
59 99 46
59 100 5
60 61 24
60 62 91
60 63 36
60 64 52
60 65 55
60 66 4
60 67 65
60 68 25
60 69 63
60 70 82
60 71 92
60 72 10
60 73 3
60 74 5
60 75 9
60 76 6
60 77 98
60 78 21
60 79 70
60 80 37
60 81 4
60 82 91
60 83 64
60 84 16
60 85 14
60 86 48
60 87 94
60 88 75
60 89 72
60 90 30
60 91 51
60 92 87
60 93 58
60 94 0
60 95 77
60 96 96
60 97 75
60 98 94
60 99 29
60 100 2
61 62 80
61 63 92
61 64 43
61 65 11
61 66 85
61 67 75
61 68 37
61 69 63
61 70 65
61 71 61
61 72 92
61 73 87
61 74 15
61 75 31
61 76 52
61 77 93
61 78 38
61 79 37
61 80 19
61 81 47
61 82 32
61 83 23
61 84 11
61 85 40
61 86 5
61 87 29
61 88 4
61 89 47
61 90 84
61 91 56
61 92 23
61 93 68
61 94 16
61 95 20
61 96 63
61 97 27
61 98 56
61 99 18
61 100 2
62 63 81
62 64 88
62 65 62
62 66 43
62 67 25
62 68 32
62 69 40
62 70 60
62 71 11
62 72 68
62 73 22
62 74 84
62 75 66
62 76 84
62 77 92
62 78 79
62 79 62
62 80 40
62 81 54
62 82 33
62 83 7
62 84 62
62 85 33
62 86 1
62 87 97
62 88 72
62 89 4
62 90 38
62 91 49
62 92 5
62 93 66
62 94 32
62 95 15
62 96 23
62 97 49
62 98 71
62 99 54
62 100 87
63 64 69
63 65 33
63 66 36
63 67 70
63 68 54
63 69 5
63 70 82
63 71 14
63 72 62
63 73 33
63 74 69
63 75 42
63 76 8
63 77 86
63 78 48
63 79 85
63 80 85
63 81 74
63 82 61
63 83 29
63 84 24
63 85 36
63 86 89
63 87 65
63 88 38
63 89 60
63 90 69
63 91 41
63 92 29
63 93 70
63 94 42
63 95 77
63 96 85
63 97 35
63 98 50
63 99 39
63 100 88
64 65 29
64 66 53
64 67 52
64 68 84
64 69 54
64 70 37
64 71 97
64 72 38
64 73 40
64 74 93
64 75 14
64 76 80
64 77 84
64 78 2
64 79 2
64 80 30
64 81 81
64 82 27
64 83 13
64 84 85
64 85 19
64 86 44
64 87 32
64 88 5
64 89 2
64 90 19
64 91 24
64 92 55
64 93 10
64 94 50
64 95 15
64 96 0
64 97 55
64 98 55
64 99 54
64 100 16
65 66 98
65 67 85
65 68 81
65 69 24
65 70 66
65 71 92
65 72 12
65 73 38
65 74 71
65 75 35
65 76 47
65 77 83
65 78 99
65 79 70
65 80 8
65 81 76
65 82 25
65 83 63
65 84 26
65 85 2
65 86 58
65 87 82
65 88 89
65 89 11
65 90 29
65 91 63
65 92 0
65 93 65
65 94 98
65 95 60
65 96 69
65 97 23
65 98 42
65 99 16
65 100 72
66 67 6
66 68 26
66 69 27
66 70 11
66 71 56
66 72 3
66 73 26
66 74 6
66 75 99
66 76 84
66 77 19
66 78 43
66 79 57
66 80 53
66 81 31
66 82 59
66 83 86
66 84 90
66 85 43
66 86 28
66 87 70
66 88 67
66 89 91
66 90 68
66 91 100
66 92 64
66 93 28
66 94 84
66 95 43
66 96 58
66 97 10
66 98 4
66 99 1
66 100 18
67 68 19
67 69 93
67 70 6
67 71 88
67 72 22
67 73 0
67 74 82
67 75 44
67 76 53
67 77 29
67 78 95
67 79 48
67 80 45
67 81 68
67 82 84
67 83 36
67 84 63
67 85 2
67 86 75
67 87 100
67 88 8
67 89 28
67 90 19
67 91 68
67 92 30
67 93 8
67 94 67
67 95 61
67 96 21
67 97 96
67 98 10
67 99 18
67 100 77
68 69 74
68 70 87
68 71 60
68 72 96
68 73 16
68 74 11
68 75 44
68 76 82
68 77 37
68 78 3
68 79 44
68 80 63
68 81 95
68 82 95
68 83 3
68 84 16
68 85 23
68 86 67
68 87 48
68 88 50
68 89 32
68 90 31
68 91 5
68 92 38
68 93 5
68 94 13
68 95 89
68 96 29
68 97 74
68 98 70
68 99 25
68 100 1
69 70 8
69 71 60
69 72 5
69 73 63
69 74 61
69 75 5
69 76 44
69 77 91
69 78 55
69 79 45
69 80 12
69 81 3
69 82 4
69 83 20
69 84 72
69 85 14
69 86 64
69 87 39
69 88 30
69 89 81
69 90 30
69 91 34
69 92 80
69 93 30
69 94 92
69 95 29
69 96 1
69 97 38
69 98 22
69 99 6
69 100 4
70 71 55
70 72 27
70 73 83
70 74 78
70 75 15
70 76 22
70 77 35
70 78 35
70 79 87
70 80 53
70 81 20
70 82 65
70 83 72
70 84 36
70 85 54
70 86 86
70 87 91
70 88 54
70 89 43
70 90 69
70 91 88
70 92 31
70 93 24
70 94 44
70 95 59
70 96 91
70 97 72
70 98 73
70 99 65
70 100 70
71 72 15
71 73 60
71 74 100
71 75 2
71 76 29
71 77 12
71 78 14
71 79 43
71 80 42
71 81 84
71 82 23
71 83 53
71 84 78
71 85 69
71 86 56
71 87 82
71 88 93
71 89 87
71 90 37
71 91 62
71 92 74
71 93 56
71 94 19
71 95 82
71 96 1
71 97 100
71 98 66
71 99 57
71 100 83
72 73 0
72 74 17
72 75 21
72 76 25
72 77 36
72 78 52
72 79 33
72 80 59
72 81 14
72 82 8
72 83 34
72 84 18
72 85 83
72 86 74
72 87 4
72 88 53
72 89 10
72 90 35
72 91 38
72 92 94
72 93 27
72 94 71
72 95 93
72 96 99
72 97 47
72 98 28
72 99 18
72 100 75
73 74 28
73 75 42
73 76 15
73 77 25
73 78 19
73 79 1
73 80 12
73 81 57
73 82 100
73 83 21
73 84 82
73 85 12
73 86 49
73 87 55
73 88 76
73 89 28
73 90 62
73 91 99
73 92 74
73 93 94
73 94 91
73 95 23
73 96 87
73 97 41
73 98 53
73 99 14
73 100 88
74 75 56
74 76 62
74 77 11
74 78 94
74 79 61
74 80 88
74 81 14
74 82 33
74 83 11
74 84 65
74 85 30
74 86 42
74 87 74
74 88 77
74 89 76
74 90 85
74 91 40
74 92 24
74 93 14
74 94 52
74 95 73
74 96 96
74 97 12
74 98 95
74 99 52
74 100 87
75 76 83
75 77 57
75 78 83
75 79 16
75 80 27
75 81 91
75 82 26
75 83 7
75 84 87
75 85 39
75 86 45
75 87 90
75 88 68
75 89 24
75 90 17
75 91 57
75 92 20
75 93 97
75 94 7
75 95 31
75 96 49
75 97 78
75 98 54
75 99 99
75 100 36
76 77 2
76 78 78
76 79 69
76 80 67
76 81 41
76 82 86
76 83 39
76 84 81
76 85 90
76 86 27
76 87 56
76 88 48
76 89 1
76 90 78
76 91 32
76 92 52
76 93 37
76 94 35
76 95 72
76 96 28
76 97 78
76 98 100
76 99 39
76 100 28
77 78 4
77 79 69
77 80 41
77 81 77
77 82 84
77 83 70
77 84 42
77 85 17
77 86 23
77 87 38
77 88 35
77 89 83
77 90 3
77 91 83
77 92 3
77 93 49
77 94 84
77 95 97
77 96 56
77 97 9
77 98 41
77 99 80
77 100 2
78 79 66
78 80 18
78 81 100
78 82 58
78 83 67
78 84 15
78 85 11
78 86 61
78 87 63
78 88 31
78 89 23
78 90 23
78 91 78
78 92 91
78 93 1
78 94 73
78 95 35
78 96 59
78 97 51
78 98 89
78 99 98
78 100 79
79 80 61
79 81 84
79 82 96
79 83 22
79 84 51
79 85 37
79 86 57
79 87 41
79 88 8
79 89 19
79 90 88
79 91 5
79 92 27
79 93 30
79 94 72
79 95 51
79 96 19
79 97 10
79 98 69
79 99 85
79 100 46
80 81 40
80 82 71
80 83 8
80 84 43
80 85 12
80 86 56
80 87 64
80 88 40
80 89 83
80 90 82
80 91 86
80 92 5
80 93 54
80 94 44
80 95 27
80 96 46
80 97 91
80 98 80
80 99 35
80 100 67
81 82 65
81 83 84
81 84 62
81 85 99
81 86 37
81 87 19
81 88 13
81 89 35
81 90 46
81 91 39
81 92 27
81 93 34
81 94 20
81 95 62
81 96 28
81 97 36
81 98 75
81 99 14
81 100 77
82 83 64
82 84 79
82 85 87
82 86 80
82 87 10
82 88 28
82 89 41
82 90 18
82 91 64
82 92 40
82 93 15
82 94 19
82 95 71
82 96 65
82 97 26
82 98 41
82 99 37
82 100 16
83 84 94
83 85 60
83 86 15
83 87 93
83 88 65
83 89 74
83 90 4
83 91 8
83 92 28
83 93 75
83 94 93
83 95 31
83 96 47
83 97 91
83 98 87
83 99 12
83 100 19
84 85 92
84 86 57
84 87 78
84 88 90
84 89 1
84 90 23
84 91 31
84 92 41
84 93 36
84 94 27
84 95 82
84 96 87
84 97 95
84 98 67
84 99 70
84 100 4
85 86 3
85 87 89
85 88 95
85 89 2
85 90 10
85 91 72
85 92 4
85 93 64
85 94 32
85 95 7
85 96 33
85 97 82
85 98 27
85 99 42
85 100 14
86 87 79
86 88 57
86 89 25
86 90 27
86 91 34
86 92 87
86 93 83
86 94 8
86 95 99
86 96 33
86 97 19
86 98 70
86 99 23
86 100 96
87 88 55
87 89 63
87 90 85
87 91 95
87 92 4
87 93 55
87 94 30
87 95 62
87 96 54
87 97 9
87 98 99
87 99 92
87 100 45
88 89 98
88 90 51
88 91 91
88 92 62
88 93 91
88 94 91
88 95 97
88 96 43
88 97 33
88 98 84
88 99 19
88 100 5
89 90 97
89 91 68
89 92 81
89 93 62
89 94 81
89 95 59
89 96 33
89 97 37
89 98 16
89 99 80
89 100 9
90 91 95
90 92 27
90 93 67
90 94 0
90 95 43
90 96 51
90 97 66
90 98 16
90 99 69
90 100 23
91 92 14
91 93 74
91 94 35
91 95 1
91 96 8
91 97 56
91 98 90
91 99 77
91 100 40
92 93 32
92 94 64
92 95 64
92 96 44
92 97 32
92 98 59
92 99 77
92 100 81
93 94 53
93 95 58
93 96 74
93 97 21
93 98 26
93 99 10
93 100 92
94 95 67
94 96 64
94 97 61
94 98 65
94 99 12
94 100 3
95 96 4
95 97 29
95 98 70
95 99 59
95 100 88
96 97 56
96 98 13
96 99 27
96 100 68
97 98 47
97 99 95
97 100 80
98 99 77
98 100 38
99 100 78
