100 5
1 2 9
1 3 64
1 4 95
1 5 77
1 6 30
1 7 11
1 8 62
1 9 61
1 10 58
1 11 0
1 12 87
1 13 98
1 14 62
1 15 94
1 16 79
1 17 58
1 18 45
1 19 38
1 20 54
1 21 17
1 22 77
1 23 52
1 24 34
1 25 39
1 26 23
1 27 21
1 28 89
1 29 4
1 30 66
1 31 84
1 32 86
1 33 59
1 34 61
1 35 52
1 36 67
1 37 84
1 38 10
1 39 19
1 40 78
1 41 8
1 42 3
1 43 15
1 44 4
1 45 55
1 46 86
1 47 9
1 48 93
1 49 4
1 50 0
1 51 6
1 52 30
1 53 51
1 54 34
1 55 73
1 56 71
1 57 96
1 58 87
1 59 17
1 60 2
1 61 41
1 62 52
1 63 96
1 64 1
1 65 100
1 66 51
1 67 57
1 68 70
1 69 45
1 70 30
1 71 75
1 72 0
1 73 19
1 74 69
1 75 1
1 76 58
1 77 31
1 78 42
1 79 55
1 80 43
1 81 90
1 82 81
1 83 54
1 84 90
1 85 10
1 86 23
1 87 64
1 88 54
1 89 24
1 90 39
1 91 15
1 92 91
1 93 9
1 94 96
1 95 37
1 96 21
1 97 38
1 98 31
1 99 6
1 100 62
2 3 63
2 4 93
2 5 5
2 6 68
2 7 100
2 8 70
2 9 33
2 10 18
2 11 40
2 12 84
2 13 76
2 14 8
2 15 93
2 16 35
2 17 62
2 18 45
2 19 44
2 20 25
2 21 94
2 22 3
2 23 58
2 24 61
2 25 41
2 26 76
2 27 18
2 28 51
2 29 62
2 30 81
2 31 1
2 32 25
2 33 30
2 34 39
2 35 60
2 36 48
2 37 81
2 38 4
2 39 91
2 40 2
2 41 78
2 42 14
2 43 12
2 44 78
2 45 57
2 46 16
2 47 83
2 48 38
2 49 22
2 50 84
2 51 86
2 52 45
2 53 80
2 54 33
2 55 2
2 56 100
2 57 75
2 58 71
2 59 22
2 60 60
2 61 84
2 62 39
2 63 45
2 64 64
2 65 97
2 66 63
2 67 87
2 68 78
2 69 23
2 70 15
2 71 15
2 72 93
2 73 83
2 74 91
2 75 59
2 76 73
2 77 28
2 78 10
2 79 18
2 80 65
2 81 56
2 82 24
2 83 61
2 84 60
2 85 97
2 86 52
2 87 100
2 88 9
2 89 91
2 90 68
2 91 5
2 92 24
2 93 70
2 94 18
2 95 28
2 96 58
2 97 56
2 98 40
2 99 41
2 100 16
3 4 20
3 5 63
3 6 93
3 7 91
3 8 41
3 9 32
3 10 1
3 11 67
3 12 14
3 13 27
3 14 94
3 15 82
3 16 94
3 17 74
3 18 60
3 19 84
3 20 80
3 21 55
3 22 72
3 23 41
3 24 13
3 25 34
3 26 58
3 27 88
3 28 55
3 29 69
3 30 58
3 31 54
3 32 92
3 33 35
3 34 99
3 35 79
3 36 54
3 37 73
3 38 93
3 39 66
3 40 99
3 41 35
3 42 52
3 43 100
3 44 15
3 45 6
3 46 97
3 47 29
3 48 100
3 49 97
3 50 26
3 51 40
3 52 4
3 53 28
3 54 5
3 55 54
3 56 83
3 57 35
3 58 63
3 59 58
3 60 83
3 61 32
3 62 88
3 63 18
3 64 78
3 65 71
3 66 80
3 67 79
3 68 21
3 69 44
3 70 76
3 71 24
3 72 31
3 73 11
3 74 71
3 75 47
3 76 45
3 77 47
3 78 94
3 79 95
3 80 81
3 81 90
3 82 41
3 83 54
3 84 37
3 85 50
3 86 4
3 87 88
3 88 54
3 89 47
3 90 99
3 91 94
3 92 34
3 93 70
3 94 57
3 95 55
3 96 87
3 97 46
3 98 69
3 99 49
3 100 39
4 5 92
4 6 77
4 7 29
4 8 85
4 9 90
4 10 35
4 11 17
4 12 45
4 13 18
4 14 43
4 15 44
4 16 87
4 17 97
4 18 71
4 19 54
4 20 47
4 21 78
4 22 19
4 23 64
4 24 39
4 25 49
4 26 26
4 27 52
4 28 17
4 29 83
4 30 32
4 31 70
4 32 8
4 33 11
4 34 85
4 35 3
4 36 47
4 37 99
4 38 94
4 39 13
4 40 30
4 41 49
4 42 65
4 43 18
4 44 43
4 45 15
4 46 45
4 47 68
4 48 6
4 49 29
4 50 73
4 51 83
4 52 10
4 53 7
4 54 34
4 55 11
4 56 34
4 57 78
4 58 46
4 59 21
4 60 91
4 61 77
4 62 51
4 63 78
4 64 82
4 65 69
4 66 13
4 67 7
4 68 82
4 69 55
4 70 45
4 71 39
4 72 0
4 73 65
4 74 52
4 75 89
4 76 44
4 77 66
4 78 84
4 79 48
4 80 35
4 81 59
4 82 19
4 83 12
4 84 4
4 85 8
4 86 9
4 87 15
4 88 45
4 89 29
4 90 4
4 91 79
4 92 87
4 93 60
4 94 0
4 95 39
4 96 15
4 97 45
4 98 24
4 99 29
4 100 3
5 6 17
5 7 17
5 8 17
5 9 31
5 10 10
5 11 25
5 12 77
5 13 92
5 14 81
5 15 9
5 16 47
5 17 72
5 18 61
5 19 68
5 20 30
5 21 84
5 22 17
5 23 49
5 24 71
5 25 76
5 26 48
5 27 72
5 28 32
5 29 86
5 30 3
5 31 49
5 32 73
5 33 32
5 34 5
5 35 51
5 36 46
5 37 47
5 38 3
5 39 97
5 40 43
5 41 7
5 42 91
5 43 44
5 44 66
5 45 57
5 46 74
5 47 24
5 48 79
5 49 86
5 50 93
5 51 40
5 52 7
5 53 47
5 54 15
5 55 57
5 56 33
5 57 91
5 58 72
5 59 60
5 60 71
5 61 82
5 62 19
5 63 42
5 64 12
5 65 29
5 66 25
5 67 72
5 68 67
5 69 12
5 70 31
5 71 84
5 72 46
5 73 85
5 74 44
5 75 39
5 76 64
5 77 36
5 78 90
5 79 44
5 80 32
5 81 88
5 82 35
5 83 36
5 84 85
5 85 19
5 86 0
5 87 75
5 88 12
5 89 58
5 90 24
5 91 25
5 92 74
5 93 70
5 94 90
5 95 96
5 96 68
5 97 63
5 98 84
5 99 41
5 100 41
6 7 27
6 8 9
6 9 94
6 10 55
6 11 63
6 12 81
6 13 55
6 14 48
6 15 25
6 16 66
6 17 15
6 18 83
6 19 54
6 20 25
6 21 17
6 22 8
6 23 76
6 24 60
6 25 53
6 26 86
6 27 79
6 28 15
6 29 63
6 30 68
6 31 65
6 32 9
6 33 91
6 34 29
6 35 61
6 36 81
6 37 44
6 38 97
6 39 70
6 40 27
6 41 81
6 42 8
6 43 19
6 44 4
6 45 64
6 46 53
6 47 71
6 48 92
6 49 10
6 50 24
6 51 46
6 52 53
6 53 56
6 54 69
6 55 16
6 56 72
6 57 7
6 58 6
6 59 32
6 60 61
6 61 75
6 62 63
6 63 75
6 64 55
6 65 76
6 66 63
6 67 73
6 68 64
6 69 78
6 70 64
6 71 41
6 72 28
6 73 6
6 74 16
6 75 45
6 76 59
6 77 46
6 78 15
6 79 56
6 80 12
6 81 81
6 82 91
6 83 13
6 84 59
6 85 55
6 86 3
6 87 46
6 88 40
6 89 46
6 90 61
6 91 54
6 92 49
6 93 97
6 94 0
6 95 78
6 96 38
6 97 18
6 98 57
6 99 21
6 100 4
7 8 15
7 9 75
7 10 5
7 11 26
7 12 42
7 13 45
7 14 6
7 15 43
7 16 42
7 17 8
7 18 73
7 19 60
7 20 85
7 21 6
7 22 3
7 23 44
7 24 1
7 25 37
7 26 7
7 27 72
7 28 55
7 29 99
7 30 28
7 31 48
7 32 24
7 33 65
7 34 89
7 35 53
7 36 89
7 37 100
7 38 4
7 39 41
7 40 1
7 41 49
7 42 32
7 43 32
7 44 30
7 45 51
7 46 56
7 47 25
7 48 88
7 49 93
7 50 4
7 51 42
7 52 18
7 53 56
7 54 52
7 55 85
7 56 99
7 57 11
7 58 77
7 59 31
7 60 40
7 61 37
7 62 63
7 63 5
7 64 50
7 65 40
7 66 46
7 67 13
7 68 100
7 69 91
7 70 44
7 71 26
7 72 79
7 73 70
7 74 33
7 75 64
7 76 22
7 77 46
7 78 71
7 79 78
7 80 44
7 81 48
7 82 82
7 83 96
7 84 47
7 85 14
7 86 57
7 87 58
7 88 100
7 89 2
7 90 95
7 91 33
7 92 33
7 93 93
7 94 15
7 95 70
7 96 61
7 97 19
7 98 50
7 99 46
7 100 48
8 9 58
8 10 80
8 11 76
8 12 33
8 13 3
8 14 5
8 15 90
8 16 32
8 17 64
8 18 34
8 19 37
8 20 98
8 21 71
8 22 67
8 23 3
8 24 27
8 25 100
8 26 37
8 27 87
8 28 79
8 29 45
8 30 16
8 31 15
8 32 33
8 33 52
8 34 72
8 35 5
8 36 78
8 37 64
8 38 61
8 39 60
8 40 21
8 41 5
8 42 19
8 43 7
8 44 60
8 45 10
8 46 13
8 47 4
8 48 51
8 49 33
8 50 20
8 51 64
8 52 7
8 53 78
8 54 32
8 55 89
8 56 92
8 57 85
8 58 11
8 59 23
8 60 72
8 61 47
8 62 12
8 63 9
8 64 60
8 65 22
8 66 16
8 67 45
8 68 84
8 69 82
8 70 82
8 71 99
8 72 24
8 73 93
8 74 41
8 75 7
8 76 40
8 77 14
8 78 24
8 79 29
8 80 99
8 81 7
8 82 100
8 83 8
8 84 82
8 85 25
8 86 84
8 87 27
8 88 15
8 89 43
8 90 5
8 91 93
8 92 18
8 93 98
8 94 13
8 95 3
8 96 33
8 97 44
8 98 59
8 99 31
8 100 86
9 10 22
9 11 25
9 12 12
9 13 0
9 14 68
9 15 77
9 16 94
9 17 89
9 18 26
9 19 48
9 20 79
9 21 37
9 22 33
9 23 49
9 24 38
9 25 58
9 26 95
9 27 2
9 28 33
9 29 3
9 30 59
9 31 75
9 32 80
9 33 20
9 34 99
9 35 85
9 36 27
9 37 11
9 38 60
9 39 29
9 40 0
9 41 100
9 42 54
9 43 70
9 44 21
9 45 94
9 46 56
9 47 88
9 48 69
9 49 43
9 50 88
9 51 92
9 52 97
9 53 85
9 54 88
9 55 22
9 56 61
9 57 69
9 58 46
9 59 87
9 60 58
9 61 22
9 62 27
9 63 99
9 64 75
9 65 1
9 66 0
9 67 44
9 68 77
9 69 93
9 70 1
9 71 74
9 72 77
9 73 39
9 74 78
9 75 2
9 76 51
9 77 89
9 78 34
9 79 34
9 80 44
9 81 20
9 82 38
9 83 38
9 84 84
9 85 16
9 86 93
9 87 45
9 88 98
9 89 44
9 90 12
9 91 58
9 92 27
9 93 83
9 94 95
9 95 71
9 96 77
9 97 75
9 98 57
9 99 56
9 100 80
10 11 31
10 12 0
10 13 39
10 14 69
10 15 87
10 16 89
10 17 71
10 18 15
10 19 39
10 20 30
10 21 28
10 22 80
10 23 89
10 24 1
10 25 30
10 26 0
10 27 57
10 28 12
10 29 34
10 30 95
10 31 30
10 32 78
10 33 91
10 34 54
10 35 43
10 36 81
10 37 46
10 38 89
10 39 20
10 40 56
10 41 100
10 42 0
10 43 36
10 44 44
10 45 97
10 46 72
10 47 14
10 48 96
10 49 1
10 50 47
10 51 54
10 52 15
10 53 18
10 54 43
10 55 81
10 56 73
10 57 34
10 58 90
10 59 70
10 60 38
10 61 100
10 62 45
10 63 26
10 64 0
10 65 30
10 66 7
10 67 16
10 68 91
10 69 60
10 70 48
10 71 59
10 72 86
10 73 88
10 74 60
10 75 61
10 76 68
10 77 36
10 78 62
10 79 97
10 80 39
10 81 70
10 82 56
10 83 92
10 84 73
10 85 26
10 86 45
10 87 68
10 88 40
10 89 64
10 90 69
10 91 98
10 92 4
10 93 16
10 94 88
10 95 45
10 96 49
10 97 87
10 98 67
10 99 78
10 100 65
11 12 94
11 13 87
11 14 86
11 15 48
11 16 38
11 17 7
11 18 95
11 19 72
11 20 50
11 21 96
11 22 62
11 23 19
11 24 72
11 25 50
11 26 15
11 27 56
11 28 50
11 29 83
11 30 93
11 31 93
11 32 8
11 33 86
11 34 95
11 35 6
11 36 29
11 37 76
11 38 23
11 39 4
11 40 61
11 41 13
11 42 73
11 43 84
11 44 92
11 45 30
11 46 18
11 47 86
11 48 51
11 49 35
11 50 14
11 51 42
11 52 21
11 53 56
11 54 50
11 55 30
11 56 40
11 57 35
11 58 55
11 59 6
11 60 77
11 61 35
11 62 7
11 63 55
11 64 0
11 65 100
11 66 14
11 67 49
11 68 57
11 69 22
11 70 92
11 71 20
11 72 96
11 73 100
11 74 98
11 75 28
11 76 23
11 77 62
11 78 83
11 79 33
11 80 97
11 81 65
11 82 29
11 83 87
11 84 57
11 85 66
11 86 67
11 87 75
11 88 86
11 89 99
11 90 41
11 91 97
11 92 41
11 93 79
11 94 7
11 95 73
11 96 49
11 97 97
11 98 54
11 99 87
11 100 76
12 13 31
12 14 63
12 15 0
12 16 76
12 17 33
12 18 4
12 19 40
12 20 15
12 21 12
12 22 37
12 23 55
12 24 48
12 25 3
12 26 99
12 27 35
12 28 10
12 29 71
12 30 50
12 31 33
12 32 40
12 33 20
12 34 61
12 35 34
12 36 28
12 37 60
12 38 27
12 39 67
12 40 48
12 41 69
12 42 90
12 43 88
12 44 72
12 45 79
12 46 44
12 47 54
12 48 26
12 49 60
12 50 97
12 51 96
12 52 41
12 53 94
12 54 89
12 55 99
12 56 41
12 57 34
12 58 21
12 59 35
12 60 84
12 61 37
12 62 86
12 63 24
12 64 23
12 65 17
12 66 28
12 67 56
12 68 0
12 69 87
12 70 50
12 71 86
12 72 46
12 73 8
12 74 8
12 75 74
12 76 24
12 77 23
12 78 23
12 79 1
12 80 42
12 81 100
12 82 37
12 83 62
12 84 50
12 85 28
12 86 84
12 87 11
12 88 50
12 89 6
12 90 87
12 91 95
12 92 96
12 93 9
12 94 36
12 95 88
12 96 18
12 97 99
12 98 2
12 99 55
12 100 46
13 14 89
13 15 39
13 16 12
13 17 67
13 18 23
13 19 37
13 20 12
13 21 89
13 22 63
13 23 48
13 24 50
13 25 47
13 26 48
13 27 36
13 28 31
13 29 62
13 30 42
13 31 46
13 32 99
13 33 35
13 34 42
13 35 35
13 36 73
13 37 12
13 38 23
13 39 70
13 40 61
13 41 51
13 42 42
13 43 26
13 44 59
13 45 5
13 46 71
13 47 57
13 48 93
13 49 87
13 50 38
13 51 47
13 52 45
13 53 56
13 54 31
13 55 87
13 56 32
13 57 81
13 58 62
13 59 62
13 60 98
13 61 79
13 62 40
13 63 38
13 64 59
13 65 84
13 66 92
13 67 51
13 68 99
13 69 1
13 70 43
13 71 47
13 72 49
13 73 90
13 74 4
13 75 93
13 76 63
13 77 84
13 78 52
13 79 83
13 80 3
13 81 73
13 82 32
13 83 19
13 84 85
13 85 53
13 86 27
13 87 1
13 88 2
13 89 3
13 90 81
13 91 11
13 92 66
13 93 90
13 94 78
13 95 37
13 96 26
13 97 68
13 98 30
13 99 93
13 100 58
14 15 58
14 16 17
14 17 67
14 18 92
14 19 21
14 20 81
14 21 15
14 22 29
14 23 59
14 24 94
14 25 100
14 26 62
14 27 63
14 28 88
14 29 49
14 30 73
14 31 84
14 32 52
14 33 27
14 34 94
14 35 58
14 36 4
14 37 37
14 38 13
14 39 73
14 40 25
14 41 35
14 42 85
14 43 23
14 44 64
14 45 27
14 46 6
14 47 87
14 48 17
14 49 50
14 50 89
14 51 71
14 52 22
14 53 62
14 54 49
14 55 71
14 56 46
14 57 98
14 58 10
14 59 68
14 60 39
14 61 28
14 62 34
14 63 51
14 64 82
14 65 11
14 66 25
14 67 56
14 68 7
14 69 80
14 70 97
14 71 35
14 72 45
14 73 45
14 74 34
14 75 20
14 76 8
14 77 44
14 78 23
14 79 39
14 80 27
14 81 77
14 82 20
14 83 26
14 84 14
14 85 99
14 86 20
14 87 47
14 88 73
14 89 93
14 90 60
14 91 32
14 92 42
14 93 95
14 94 6
14 95 17
14 96 13
14 97 60
14 98 42
14 99 38
14 100 3
15 16 98
15 17 52
15 18 12
15 19 100
15 20 57
15 21 71
15 22 75
15 23 67
15 24 57
15 25 5
15 26 75
15 27 43
15 28 82
15 29 79
15 30 49
15 31 38
15 32 6
15 33 31
15 34 97
15 35 32
15 36 26
15 37 23
15 38 77
15 39 40
15 40 8
15 41 63
15 42 57
15 43 59
15 44 82
15 45 69
15 46 33
15 47 12
15 48 84
15 49 76
15 50 90
15 51 19
15 52 95
15 53 43
15 54 40
15 55 7
15 56 33
15 57 22
15 58 10
15 59 90
15 60 25
15 61 60
15 62 76
15 63 9
15 64 16
15 65 90
15 66 64
15 67 25
15 68 45
15 69 17
15 70 69
15 71 12
15 72 24
15 73 98
15 74 20
15 75 91
15 76 65
15 77 97
15 78 70
15 79 28
15 80 60
15 81 27
15 82 2
15 83 100
15 84 53
15 85 79
15 86 58
15 87 65
15 88 20
15 89 89
15 90 49
15 91 40
15 92 43
15 93 62
15 94 41
15 95 62
15 96 68
15 97 61
15 98 31
15 99 95
15 100 4
16 17 7
16 18 73
16 19 81
16 20 39
16 21 56
16 22 68
16 23 19
16 24 3
16 25 14
16 26 28
16 27 59
16 28 23
16 29 79
16 30 52
16 31 40
16 32 89
16 33 56
16 34 59
16 35 24
16 36 92
16 37 88
16 38 0
16 39 20
16 40 58
16 41 61
16 42 50
16 43 59
16 44 44
16 45 15
16 46 88
16 47 89
16 48 14
16 49 22
16 50 72
16 51 29
16 52 26
16 53 0
16 54 23
16 55 33
16 56 14
16 57 3
16 58 14
16 59 18
16 60 15
16 61 59
16 62 45
16 63 70
16 64 83
16 65 77
16 66 39
16 67 92
16 68 92
16 69 37
16 70 79
16 71 93
16 72 14
16 73 52
16 74 66
16 75 0
16 76 5
16 77 2
16 78 57
16 79 21
16 80 96
16 81 22
16 82 61
16 83 6
16 84 95
16 85 44
16 86 26
16 87 90
16 88 11
16 89 48
16 90 43
16 91 67
16 92 82
16 93 75
16 94 73
16 95 65
16 96 92
16 97 54
16 98 76
16 99 91
16 100 89
17 18 91
17 19 75
17 20 92
17 21 85
17 22 22
17 23 89
17 24 51
17 25 36
17 26 1
17 27 41
17 28 70
17 29 30
17 30 77
17 31 76
17 32 2
17 33 96
17 34 35
17 35 47
17 36 93
17 37 20
17 38 7
17 39 25
17 40 60
17 41 57
17 42 23
17 43 52
17 44 89
17 45 23
17 46 53
17 47 96
17 48 44
17 49 60
17 50 38
17 51 87
17 52 34
17 53 12
17 54 1
17 55 75
17 56 75
17 57 88
17 58 40
17 59 90
17 60 51
17 61 79
17 62 2
17 63 22
17 64 90
17 65 6
17 66 15
17 67 60
17 68 23
17 69 13
17 70 19
17 71 7
17 72 85
17 73 97
17 74 74
17 75 32
17 76 74
17 77 29
17 78 70
17 79 50
17 80 35
17 81 40
17 82 51
17 83 4
17 84 90
17 85 83
17 86 15
17 87 1
17 88 39
17 89 53
17 90 61
17 91 84
17 92 13
17 93 43
17 94 47
17 95 78
17 96 50
17 97 47
17 98 4
17 99 95
17 100 62
18 19 69
18 20 16
18 21 71
18 22 51
18 23 60
18 24 86
18 25 92
18 26 86
18 27 26
18 28 36
18 29 83
18 30 34
18 31 76
18 32 14
18 33 7
18 34 67
18 35 33
18 36 77
18 37 88
18 38 22
18 39 49
18 40 6
18 41 95
18 42 53
18 43 84
18 44 79
18 45 78
18 46 50
18 47 60
18 48 37
18 49 43
18 50 60
18 51 56
18 52 61
18 53 16
18 54 95
18 55 57
18 56 65
18 57 100
18 58 29
18 59 76
18 60 88
18 61 80
18 62 48
18 63 63
18 64 8
18 65 57
18 66 66
18 67 96
18 68 58
18 69 95
18 70 69
18 71 95
18 72 80
18 73 11
18 74 32
18 75 63
18 76 56
18 77 8
18 78 23
18 79 52
18 80 46
18 81 63
18 82 7
18 83 23
18 84 66
18 85 24
18 86 32
18 87 91
18 88 97
18 89 90
18 90 29
18 91 69
18 92 24
18 93 0
18 94 87
18 95 65
18 96 32
18 97 36
18 98 100
18 99 82
18 100 10
19 20 56
19 21 33
19 22 40
19 23 94
19 24 61
19 25 93
19 26 69
19 27 63
19 28 87
19 29 65
19 30 15
19 31 29
19 32 19
19 33 41
19 34 81
19 35 4
19 36 88
19 37 39
19 38 88
19 39 1
19 40 72
19 41 51
19 42 72
19 43 65
19 44 92
19 45 71
19 46 28
19 47 41
19 48 6
19 49 12
19 50 20
19 51 38
19 52 57
19 53 18
19 54 15
19 55 53
19 56 60
19 57 57
19 58 7
19 59 40
19 60 0
19 61 62
19 62 49
19 63 35
19 64 85
19 65 15
19 66 12
19 67 0
19 68 26
19 69 6
19 70 82
19 71 84
19 72 92
19 73 93
19 74 47
19 75 17
19 76 24
19 77 26
19 78 6
19 79 67
19 80 9
19 81 57
19 82 56
19 83 84
19 84 13
19 85 66
19 86 67
19 87 10
19 88 85
19 89 65
19 90 73
19 91 38
19 92 46
19 93 78
19 94 18
19 95 81
19 96 43
19 97 12
19 98 10
19 99 11
19 100 90
20 21 31
20 22 93
20 23 71
20 24 14
20 25 12
20 26 90
20 27 45
20 28 53
20 29 46
20 30 1
20 31 1
20 32 6
20 33 4
20 34 26
20 35 11
20 36 44
20 37 98
20 38 95
20 39 7
20 40 83
20 41 79
20 42 0
20 43 40
20 44 3
20 45 6
20 46 2
20 47 71
20 48 44
20 49 71
20 50 50
20 51 44
20 52 63
20 53 16
20 54 6
20 55 11
20 56 62
20 57 88
20 58 12
20 59 86
20 60 98
20 61 18
20 62 31
20 63 90
20 64 9
20 65 27
20 66 20
20 67 40
20 68 45
20 69 58
20 70 82
20 71 93
20 72 41
20 73 47
20 74 47
20 75 8
20 76 58
20 77 96
20 78 63
20 79 99
20 80 76
20 81 52
20 82 10
20 83 98
20 84 67
20 85 62
20 86 68
20 87 34
20 88 51
20 89 40
20 90 5
20 91 49
20 92 71
20 93 40
20 94 39
20 95 28
20 96 9
20 97 1
20 98 20
20 99 14
20 100 81
21 22 77
21 23 85
21 24 23
21 25 27
21 26 22
21 27 39
21 28 76
21 29 53
21 30 85
21 31 13
21 32 58
21 33 68
21 34 3
21 35 42
21 36 25
21 37 58
21 38 17
21 39 22
21 40 38
21 41 75
21 42 29
21 43 45
21 44 47
21 45 77
21 46 16
21 47 64
21 48 61
21 49 94
21 50 1
21 51 27
21 52 88
21 53 49
21 54 60
21 55 95
21 56 88
21 57 38
21 58 95
21 59 54
21 60 94
21 61 45
21 62 81
21 63 94
21 64 56
21 65 67
21 66 23
21 67 33
21 68 3
21 69 42
21 70 62
21 71 25
21 72 7
21 73 48
21 74 92
21 75 69
21 76 80
21 77 63
21 78 24
21 79 79
21 80 3
21 81 49
21 82 95
21 83 32
21 84 81
21 85 41
21 86 23
21 87 33
21 88 47
21 89 90
21 90 99
21 91 61
21 92 95
21 93 14
21 94 60
21 95 14
21 96 10
21 97 90
21 98 46
21 99 46
21 100 97
22 23 70
22 24 1
22 25 32
22 26 19
22 27 8
22 28 21
22 29 99
22 30 47
22 31 93
22 32 54
22 33 37
22 34 80
22 35 55
22 36 53
22 37 14
22 38 90
22 39 45
22 40 83
22 41 9
22 42 28
22 43 34
22 44 55
22 45 79
22 46 8
22 47 0
22 48 100
22 49 3
22 50 50
22 51 52
22 52 16
22 53 53
22 54 56
22 55 73
22 56 88
22 57 57
22 58 94
22 59 20
22 60 39
22 61 71
22 62 67
22 63 73
22 64 77
22 65 97
22 66 38
22 67 73
22 68 17
22 69 65
22 70 83
22 71 68
22 72 51
22 73 58
22 74 89
22 75 84
22 76 29
22 77 21
22 78 88
22 79 15
22 80 41
22 81 0
22 82 27
22 83 67
22 84 97
22 85 97
22 86 38
22 87 20
22 88 67
22 89 88
22 90 40
22 91 95
22 92 40
22 93 95
22 94 55
22 95 93
22 96 40
22 97 11
22 98 27
22 99 26
22 100 59
23 24 30
23 25 79
23 26 32
23 27 26
23 28 58
23 29 18
23 30 38
23 31 45
23 32 58
23 33 71
23 34 28
23 35 36
23 36 80
23 37 93
23 38 100
23 39 19
23 40 54
23 41 28
23 42 35
23 43 62
23 44 37
23 45 81
23 46 1
23 47 86
23 48 78
23 49 34
23 50 39
23 51 29
23 52 7
23 53 52
23 54 28
23 55 49
23 56 71
23 57 39
23 58 64
23 59 72
23 60 49
23 61 86
23 62 68
23 63 100
23 64 58
23 65 91
23 66 4
23 67 87
23 68 78
23 69 88
23 70 18
23 71 61
23 72 71
23 73 45
23 74 23
23 75 39
23 76 50
23 77 41
23 78 60
23 79 68
23 80 16
23 81 72
23 82 15
23 83 26
23 84 58
23 85 97
23 86 85
23 87 64
23 88 35
23 89 85
23 90 65
23 91 69
23 92 63
23 93 22
23 94 43
23 95 54
23 96 5
23 97 37
23 98 11
23 99 59
23 100 3
24 25 60
24 26 9
24 27 4
24 28 23
24 29 38
24 30 82
24 31 49
24 32 90
24 33 32
24 34 38
24 35 67
24 36 67
24 37 50
24 38 77
24 39 94
24 40 8
24 41 71
24 42 82
24 43 70
24 44 82
24 45 23
24 46 25
24 47 76
24 48 21
24 49 6
24 50 100
24 51 45
24 52 16
24 53 28
24 54 18
24 55 27
24 56 75
24 57 30
24 58 95
24 59 15
24 60 68
24 61 81
24 62 17
24 63 93
24 64 62
24 65 73
24 66 64
24 67 21
24 68 49
24 69 23
24 70 59
24 71 58
24 72 0
24 73 79
24 74 15
24 75 78
24 76 13
24 77 86
24 78 42
24 79 55
24 80 7
24 81 80
24 82 23
24 83 40
24 84 15
24 85 44
24 86 62
24 87 13
24 88 24
24 89 49
24 90 72
24 91 94
24 92 25
24 93 75
24 94 11
24 95 20
24 96 35
24 97 45
24 98 45
24 99 57
24 100 14
25 26 12
25 27 79
25 28 32
25 29 70
25 30 72
25 31 60
25 32 46
25 33 56
25 34 62
25 35 38
25 36 32
25 37 78
25 38 18
25 39 96
25 40 63
25 41 66
25 42 58
25 43 19
25 44 81
25 45 50
25 46 27
25 47 66
25 48 7
25 49 38
25 50 16
25 51 37
25 52 71
25 53 62
25 54 88
25 55 56
25 56 40
25 57 40
25 58 35
25 59 60
25 60 78
25 61 46
25 62 92
25 63 31
25 64 6
25 65 86
25 66 0
25 67 79
25 68 77
25 69 18
25 70 56
25 71 84
25 72 32
25 73 94
25 74 52
25 75 53
25 76 72
25 77 33
25 78 83
25 79 95
25 80 1
25 81 87
25 82 11
25 83 100
25 84 70
25 85 18
25 86 18
25 87 82
25 88 1
25 89 2
25 90 71
25 91 80
25 92 59
25 93 92
25 94 75
25 95 49
25 96 64
25 97 22
25 98 49
25 99 16
25 100 21
26 27 75
26 28 35
26 29 97
26 30 37
26 31 9
26 32 34
26 33 87
26 34 68
26 35 70
26 36 87
26 37 36
26 38 29
26 39 55
26 40 7
26 41 90
26 42 56
26 43 14
26 44 32
26 45 30
26 46 73
26 47 52
26 48 60
26 49 66
26 50 18
26 51 21
26 52 36
26 53 45
26 54 42
26 55 58
26 56 69
26 57 96
26 58 7
26 59 74
26 60 44
26 61 50
26 62 21
26 63 2
26 64 29
26 65 74
26 66 93
26 67 25
26 68 26
26 69 36
26 70 29
26 71 44
26 72 6
26 73 76
26 74 83
26 75 42
26 76 37
26 77 86
26 78 3
26 79 1
26 80 18
26 81 59
26 82 37
26 83 5
26 84 85
26 85 97
26 86 68
26 87 13
26 88 1
26 89 74
26 90 16
26 91 55
26 92 88
26 93 9
26 94 71
26 95 69
26 96 74
26 97 39
26 98 34
26 99 86
26 100 20
27 28 97
27 29 63
27 30 51
27 31 40
27 32 51
27 33 17
27 34 86
27 35 67
27 36 51
27 37 12
27 38 9
27 39 48
27 40 42
27 41 81
27 42 75
27 43 59
27 44 27
27 45 37
27 46 72
27 47 41
27 48 96
27 49 21
27 50 73
27 51 19
27 52 23
27 53 69
27 54 9
27 55 25
27 56 53
27 57 32
27 58 12
27 59 26
27 60 100
27 61 18
27 62 16
27 63 35
27 64 82
27 65 90
27 66 24
27 67 36
27 68 90
27 69 12
27 70 15
27 71 92
27 72 96
27 73 46
27 74 37
27 75 54
27 76 90
27 77 26
27 78 94
27 79 19
27 80 88
27 81 71
27 82 91
27 83 97
27 84 95
27 85 28
27 86 53
27 87 29
27 88 53
27 89 74
27 90 61
27 91 91
27 92 96
27 93 65
27 94 86
27 95 41
27 96 80
27 97 63
27 98 41
27 99 78
27 100 80
28 29 19
28 30 49
28 31 80
28 32 97
28 33 8
28 34 88
28 35 65
28 36 21
28 37 33
28 38 52
28 39 27
28 40 61
28 41 0
28 42 25
28 43 91
28 44 60
28 45 29
28 46 10
28 47 87
28 48 14
28 49 83
28 50 13
28 51 98
28 52 14
28 53 15
28 54 58
28 55 30
28 56 51
28 57 53
28 58 19
28 59 68
28 60 38
28 61 68
28 62 3
28 63 1
28 64 78
28 65 60
28 66 43
28 67 14
28 68 8
28 69 34
28 70 73
28 71 62
28 72 38
28 73 87
28 74 81
28 75 31
28 76 67
28 77 59
28 78 84
28 79 48
28 80 4
28 81 19
28 82 62
28 83 98
28 84 26
28 85 90
28 86 88
28 87 12
28 88 90
28 89 34
28 90 33
28 91 39
28 92 67
28 93 37
28 94 53
28 95 95
28 96 20
28 97 98
28 98 36
28 99 22
28 100 15
29 30 21
29 31 35
29 32 65
29 33 22
29 34 61
29 35 37
29 36 16
29 37 91
29 38 15
29 39 68
29 40 37
29 41 62
29 42 38
29 43 62
29 44 36
29 45 12
29 46 63
29 47 21
29 48 27
29 49 76
29 50 13
29 51 45
29 52 60
29 53 2
29 54 48
29 55 45
29 56 40
29 57 60
29 58 45
29 59 85
29 60 41
29 61 49
29 62 13
29 63 40
29 64 68
29 65 83
29 66 61
29 67 87
29 68 67
29 69 59
29 70 41
29 71 69
29 72 48
29 73 85
29 74 17
29 75 34
29 76 93
29 77 60
29 78 37
29 79 70
29 80 61
29 81 15
29 82 25
29 83 48
29 84 37
29 85 49
29 86 98
29 87 51
29 88 67
29 89 19
29 90 31
29 91 15
29 92 57
29 93 60
29 94 78
29 95 88
29 96 80
29 97 88
29 98 67
29 99 11
29 100 79
30 31 86
30 32 42
30 33 37
30 34 61
30 35 62
30 36 69
30 37 74
30 38 73
30 39 5
30 40 98
30 41 66
30 42 63
30 43 71
30 44 80
30 45 24
30 46 2
30 47 9
30 48 41
30 49 84
30 50 81
30 51 87
30 52 14
30 53 44
30 54 69
30 55 29
30 56 40
30 57 59
30 58 84
30 59 79
30 60 87
30 61 44
30 62 37
30 63 52
30 64 63
30 65 49
30 66 36
30 67 82
30 68 26
30 69 52
30 70 35
30 71 98
30 72 91
30 73 27
30 74 2
30 75 79
30 76 66
30 77 53
30 78 29
30 79 22
30 80 46
30 81 3
30 82 44
30 83 41
30 84 46
30 85 16
30 86 3
30 87 16
30 88 91
30 89 24
30 90 99
30 91 62
30 92 34
30 93 27
30 94 87
30 95 16
30 96 11
30 97 70
30 98 15
30 99 4
30 100 55
31 32 51
31 33 91
31 34 15
31 35 36
31 36 5
31 37 27
31 38 70
31 39 37
31 40 78
31 41 78
31 42 100
31 43 45
31 44 49
31 45 72
31 46 8
31 47 41
31 48 97
31 49 17
31 50 43
31 51 36
31 52 21
31 53 33
31 54 8
31 55 15
31 56 78
31 57 61
31 58 58
31 59 2
31 60 59
31 61 74
31 62 46
31 63 26
31 64 9
31 65 66
31 66 52
31 67 49
31 68 49
31 69 73
31 70 48
31 71 48
31 72 93
31 73 46
31 74 12
31 75 70
31 76 21
31 77 77
31 78 2
31 79 82
31 80 15
31 81 2
31 82 34
31 83 6
31 84 58
31 85 30
31 86 63
31 87 87
31 88 62
31 89 75
31 90 90
31 91 71
31 92 68
31 93 2
31 94 12
31 95 70
31 96 96
31 97 61
31 98 86
31 99 88
31 100 18
32 33 7
32 34 76
32 35 61
32 36 62
32 37 14
32 38 32
32 39 7
32 40 25
32 41 28
32 42 26
32 43 97
32 44 50
32 45 6
32 46 41
32 47 39
32 48 50
32 49 43
32 50 5
32 51 52
32 52 96
32 53 55
32 54 78
32 55 43
32 56 48
32 57 27
32 58 7
32 59 22
32 60 42
32 61 47
32 62 14
32 63 16
32 64 75
32 65 88
32 66 52
32 67 100
32 68 59
32 69 88
32 70 46
32 71 6
32 72 94
32 73 48
32 74 38
32 75 37
32 76 12
32 77 85
32 78 16
32 79 100
32 80 51
32 81 96
32 82 60
32 83 5
32 84 12
32 85 20
32 86 4
32 87 66
32 88 29
32 89 6
32 90 26
32 91 82
32 92 15
32 93 11
32 94 43
32 95 44
32 96 4
32 97 94
32 98 92
32 99 59
32 100 61
33 34 8
33 35 70
33 36 67
33 37 72
33 38 30
33 39 64
33 40 82
33 41 16
33 42 59
33 43 99
33 44 97
33 45 35
33 46 88
33 47 57
33 48 48
33 49 41
33 50 95
33 51 1
33 52 53
33 53 93
33 54 29
33 55 79
33 56 37
33 57 22
33 58 18
33 59 93
33 60 87
33 61 18
33 62 20
33 63 13
33 64 93
33 65 63
33 66 27
33 67 75
33 68 69
33 69 76
33 70 46
33 71 78
33 72 91
33 73 38
33 74 57
33 75 15
33 76 75
33 77 13
33 78 91
33 79 15
33 80 79
33 81 8
33 82 2
33 83 76
33 84 55
33 85 51
33 86 59
33 87 7
33 88 86
33 89 18
33 90 58
33 91 89
33 92 85
33 93 29
33 94 31
33 95 87
33 96 84
33 97 48
33 98 1
33 99 26
33 100 44
34 35 24
34 36 27
34 37 96
34 38 0
34 39 6
34 40 53
34 41 89
34 42 18
34 43 2
34 44 23
34 45 100
34 46 55
34 47 80
34 48 47
34 49 52
34 50 27
34 51 82
34 52 85
34 53 93
34 54 19
34 55 43
34 56 80
34 57 79
34 58 68
34 59 14
34 60 22
34 61 90
34 62 94
34 63 62
34 64 97
34 65 82
34 66 49
34 67 69
34 68 69
34 69 13
34 70 37
34 71 59
34 72 21
34 73 59
34 74 84
34 75 96
34 76 80
34 77 21
34 78 61
34 79 5
34 80 15
34 81 54
34 82 38
34 83 86
34 84 99
34 85 63
34 86 57
34 87 75
34 88 95
34 89 65
34 90 28
34 91 49
34 92 17
34 93 66
34 94 98
34 95 28
34 96 57
34 97 27
34 98 53
34 99 19
34 100 21
35 36 19
35 37 62
35 38 84
35 39 53
35 40 99
35 41 83
35 42 40
35 43 8
35 44 6
35 45 82
35 46 55
35 47 68
35 48 97
35 49 86
35 50 20
35 51 50
35 52 7
35 53 42
35 54 35
35 55 31
35 56 12
35 57 12
35 58 61
35 59 94
35 60 2
35 61 91
35 62 3
35 63 71
35 64 13
35 65 20
35 66 23
35 67 24
35 68 70
35 69 87
35 70 31
35 71 33
35 72 71
35 73 40
35 74 83
35 75 41
35 76 35
35 77 68
35 78 91
35 79 64
35 80 35
35 81 83
35 82 29
35 83 53
35 84 6
35 85 44
35 86 11
35 87 68
35 88 8
35 89 11
35 90 84
35 91 58
35 92 38
35 93 18
35 94 76
35 95 26
35 96 8
35 97 64
35 98 100
35 99 99
35 100 42
36 37 31
36 38 95
36 39 68
36 40 60
36 41 91
36 42 61
36 43 48
36 44 45
36 45 97
36 46 85
36 47 29
36 48 33
36 49 66
36 50 10
36 51 68
36 52 24
36 53 41
36 54 2
36 55 1
36 56 70
36 57 29
36 58 8
36 59 24
36 60 62
36 61 74
36 62 72
36 63 70
36 64 51
36 65 81
36 66 64
36 67 47
36 68 63
36 69 30
36 70 54
36 71 70
36 72 73
36 73 62
36 74 100
36 75 80
36 76 67
36 77 90
36 78 17
36 79 28
36 80 76
36 81 73
36 82 89
36 83 63
36 84 82
36 85 31
36 86 60
36 87 79
36 88 38
36 89 82
36 90 38
36 91 66
36 92 5
36 93 55
36 94 5
36 95 55
36 96 56
36 97 2
36 98 0
36 99 91
36 100 77
37 38 29
37 39 44
37 40 81
37 41 44
37 42 56
37 43 34
37 44 98
37 45 85
37 46 69
37 47 45
37 48 34
37 49 89
37 50 47
37 51 31
37 52 45
37 53 15
37 54 94
37 55 61
37 56 55
37 57 39
37 58 18
37 59 1
37 60 85
37 61 26
37 62 63
37 63 35
37 64 7
37 65 90
37 66 46
37 67 65
37 68 83
37 69 48
37 70 81
37 71 85
37 72 9
37 73 18
37 74 61
37 75 97
37 76 83
37 77 46
37 78 52
37 79 62
37 80 99
37 81 22
37 82 62
37 83 0
37 84 6
37 85 79
37 86 94
37 87 93
37 88 1
37 89 6
37 90 12
37 91 16
37 92 17
37 93 68
37 94 39
37 95 71
37 96 55
37 97 74
37 98 47
37 99 12
37 100 74
38 39 87
38 40 0
38 41 56
38 42 40
38 43 80
38 44 66
38 45 15
38 46 66
38 47 24
38 48 18
38 49 27
38 50 10
38 51 91
38 52 73
38 53 3
38 54 74
38 55 19
38 56 38
38 57 26
38 58 45
38 59 93
38 60 19
38 61 63
38 62 82
38 63 63
38 64 9
38 65 7
38 66 31
38 67 99
38 68 83
38 69 7
38 70 55
38 71 31
38 72 27
38 73 28
38 74 95
38 75 75
38 76 3
38 77 98
38 78 25
38 79 3
38 80 95
38 81 38
38 82 71
38 83 0
38 84 36
38 85 90
38 86 64
38 87 26
38 88 67
38 89 78
38 90 31
38 91 82
38 92 21
38 93 15
38 94 67
38 95 48
38 96 93
38 97 69
38 98 90
38 99 9
38 100 44
39 40 41
39 41 72
39 42 73
39 43 16
39 44 89
39 45 54
39 46 92
39 47 66
39 48 19
39 49 53
39 50 51
39 51 26
39 52 56
39 53 31
39 54 32
39 55 13
39 56 67
39 57 22
39 58 49
39 59 100
39 60 66
39 61 6
39 62 69
39 63 21
39 64 3
39 65 23
39 66 14
39 67 0
39 68 50
39 69 98
39 70 80
39 71 40
39 72 12
39 73 31
39 74 30
39 75 46
39 76 60
39 77 98
39 78 89
39 79 72
39 80 81
39 81 44
39 82 29
39 83 64
39 84 81
39 85 5
39 86 8
39 87 6
39 88 98
39 89 90
39 90 67
39 91 49
39 92 63
39 93 52
39 94 45
39 95 21
39 96 70
39 97 68
39 98 23
39 99 18
39 100 33
40 41 91
40 42 24
40 43 15
40 44 92
40 45 81
40 46 6
40 47 33
40 48 88
40 49 7
40 50 31
40 51 56
40 52 89
40 53 21
40 54 57
40 55 21
40 56 54
40 57 59
40 58 84
40 59 28
40 60 1
40 61 63
40 62 58
40 63 97
40 64 73
40 65 65
40 66 62
40 67 0
40 68 63
40 69 91
40 70 53
40 71 79
40 72 32
40 73 25
40 74 69
40 75 44
40 76 29
40 77 91
40 78 0
40 79 4
40 80 43
40 81 78
40 82 92
40 83 57
40 84 66
40 85 61
40 86 20
40 87 20
40 88 86
40 89 13
40 90 68
40 91 42
40 92 0
40 93 40
40 94 94
40 95 12
40 96 66
40 97 84
40 98 20
40 99 71
40 100 59
41 42 53
41 43 18
41 44 46
41 45 54
41 46 68
41 47 52
41 48 17
41 49 39
41 50 46
41 51 59
41 52 64
41 53 59
41 54 38
41 55 29
41 56 46
41 57 78
41 58 25
41 59 55
41 60 45
41 61 82
41 62 18
41 63 49
41 64 57
41 65 7
41 66 99
41 67 32
41 68 36
41 69 3
41 70 24
41 71 42
41 72 94
41 73 83
41 74 81
41 75 85
41 76 37
41 77 56
41 78 32
41 79 22
41 80 56
41 81 50
41 82 81
41 83 90
41 84 53
41 85 89
41 86 98
41 87 36
41 88 18
41 89 0
41 90 4
41 91 45
41 92 35
41 93 55
41 94 77
41 95 25
41 96 90
41 97 60
41 98 27
41 99 68
41 100 32
42 43 84
42 44 31
42 45 83
42 46 39
42 47 97
42 48 68
42 49 95
42 50 18
42 51 85
42 52 59
42 53 88
42 54 53
42 55 66
42 56 41
42 57 91
42 58 2
42 59 52
42 60 14
42 61 39
42 62 15
42 63 34
42 64 5
42 65 13
42 66 63
42 67 91
42 68 6
42 69 15
42 70 94
42 71 0
42 72 21
42 73 30
42 74 10
42 75 25
42 76 41
42 77 74
42 78 99
42 79 30
42 80 98
42 81 28
42 82 18
42 83 14
42 84 36
42 85 92
42 86 96
42 87 8
42 88 63
42 89 28
42 90 42
42 91 0
42 92 76
42 93 6
42 94 2
42 95 84
42 96 63
42 97 78
42 98 67
42 99 4
42 100 70
43 44 1
43 45 50
43 46 22
43 47 91
43 48 54
43 49 41
43 50 61
43 51 66
43 52 57
43 53 19
43 54 1
43 55 6
43 56 44
43 57 93
43 58 76
43 59 74
43 60 86
43 61 77
43 62 48
43 63 41
43 64 95
43 65 53
43 66 4
43 67 52
43 68 29
43 69 10
43 70 94
43 71 83
43 72 61
43 73 100
43 74 49
43 75 74
43 76 64
43 77 9
43 78 71
43 79 77
43 80 70
43 81 93
43 82 69
43 83 19
43 84 94
43 85 58
43 86 80
43 87 68
43 88 79
43 89 76
43 90 22
43 91 34
43 92 35
43 93 4
43 94 85
43 95 81
43 96 47
43 97 79
43 98 51
43 99 11
43 100 73
44 45 46
44 46 7
44 47 59
44 48 70
44 49 44
44 50 87
44 51 34
44 52 28
44 53 27
44 54 19
44 55 87
44 56 99
44 57 87
44 58 81
44 59 60
44 60 1
44 61 99
44 62 24
44 63 38
44 64 66
44 65 85
44 66 46
44 67 45
44 68 32
44 69 58
44 70 74
44 71 48
44 72 35
44 73 81
44 74 59
44 75 28
44 76 13
44 77 18
44 78 9
44 79 95
44 80 22
44 81 12
44 82 18
44 83 98
44 84 45
44 85 57
44 86 18
44 87 60
44 88 95
44 89 71
44 90 71
44 91 18
44 92 64
44 93 66
44 94 45
44 95 64
44 96 10
44 97 74
44 98 83
44 99 46
44 100 12
45 46 10
45 47 37
45 48 52
45 49 55
45 50 39
45 51 62
45 52 48
45 53 99
45 54 6
45 55 9
45 56 56
45 57 66
45 58 11
45 59 93
45 60 22
45 61 37
45 62 42
45 63 54
45 64 74
45 65 94
45 66 41
45 67 97
45 68 43
45 69 21
45 70 71
45 71 45
45 72 11
45 73 93
45 74 37
45 75 80
45 76 81
45 77 48
45 78 56
45 79 13
45 80 98
45 81 22
45 82 74
45 83 48
45 84 3
45 85 39
45 86 100
45 87 32
45 88 47
45 89 35
45 90 16
45 91 91
45 92 60
45 93 40
45 94 100
45 95 59
45 96 51
45 97 23
45 98 91
45 99 19
45 100 26
46 47 33
46 48 11
46 49 90
46 50 79
46 51 82
46 52 69
46 53 80
46 54 55
46 55 71
46 56 48
46 57 75
46 58 30
46 59 62
46 60 57
46 61 16
46 62 45
46 63 83
46 64 92
46 65 1
46 66 12
46 67 32
46 68 43
46 69 75
46 70 31
46 71 100
46 72 60
46 73 15
46 74 76
46 75 95
46 76 64
46 77 30
46 78 25
46 79 43
46 80 30
46 81 91
46 82 11
46 83 25
46 84 3
46 85 31
46 86 43
46 87 91
46 88 45
46 89 80
46 90 26
46 91 27
46 92 2
46 93 47
46 94 89
46 95 14
46 96 100
46 97 31
46 98 34
46 99 38
46 100 35
47 48 39
47 49 31
47 50 92
47 51 25
47 52 75
47 53 77
47 54 49
47 55 30
47 56 75
47 57 21
47 58 1
47 59 18
47 60 71
47 61 19
47 62 86
47 63 59
47 64 2
47 65 92
47 66 56
47 67 24
47 68 48
47 69 35
47 70 19
47 71 16
47 72 39
47 73 65
47 74 20
47 75 66
47 76 0
47 77 83
47 78 87
47 79 26
47 80 58
47 81 12
47 82 49
47 83 71
47 84 13
47 85 30
47 86 67
47 87 43
47 88 1
47 89 68
47 90 52
47 91 11
47 92 8
47 93 67
47 94 94
47 95 90
47 96 81
47 97 72
47 98 61
47 99 4
47 100 93
48 49 89
48 50 91
48 51 42
48 52 78
48 53 8
48 54 97
48 55 77
48 56 5
48 57 72
48 58 34
48 59 100
48 60 14
48 61 49
48 62 28
48 63 75
48 64 48
48 65 44
48 66 48
48 67 61
48 68 41
48 69 8
48 70 16
48 71 51
48 72 86
48 73 63
48 74 78
48 75 17
48 76 89
48 77 2
48 78 63
48 79 73
48 80 43
48 81 61
48 82 66
48 83 40
48 84 49
48 85 70
48 86 25
48 87 82
48 88 21
48 89 93
48 90 61
48 91 4
48 92 25
48 93 86
48 94 61
48 95 73
48 96 17
48 97 14
48 98 19
48 99 64
48 100 55
49 50 14
49 51 34
49 52 90
49 53 68
49 54 3
49 55 14
49 56 3
49 57 14
49 58 32
49 59 97
49 60 30
49 61 94
49 62 97
49 63 58
49 64 61
49 65 75
49 66 90
49 67 86
49 68 69
49 69 30
49 70 75
49 71 13
49 72 55
49 73 26
49 74 38
49 75 65
49 76 89
49 77 30
49 78 35
49 79 81
49 80 33
49 81 69
49 82 19
49 83 1
49 84 10
49 85 5
49 86 52
49 87 87
49 88 53
49 89 77
49 90 39
49 91 83
49 92 52
49 93 37
49 94 66
49 95 7
49 96 73
49 97 23
49 98 11
49 99 54
49 100 7
50 51 50
50 52 12
50 53 24
50 54 39
50 55 85
50 56 23
50 57 1
50 58 38
50 59 50
50 60 97
50 61 45
50 62 49
50 63 77
50 64 49
50 65 99
50 66 45
50 67 73
50 68 92
50 69 50
50 70 31
50 71 6
50 72 33
50 73 38
50 74 18
50 75 77
50 76 35
50 77 91
50 78 70
50 79 59
50 80 54
50 81 2
50 82 100
50 83 22
50 84 65
50 85 92
50 86 81
50 87 23
50 88 79
50 89 24
50 90 3
50 91 0
50 92 27
50 93 50
50 94 0
50 95 48
50 96 59
50 97 83
50 98 28
50 99 92
50 100 46
51 52 61
51 53 96
51 54 86
51 55 64
51 56 37
51 57 20
51 58 14
51 59 88
51 60 54
51 61 73
51 62 60
51 63 82
51 64 52
51 65 25
51 66 71
51 67 44
51 68 45
51 69 76
51 70 78
51 71 10
51 72 27
51 73 23
51 74 3
51 75 25
51 76 38
51 77 6
51 78 28
51 79 46
51 80 32
51 81 42
51 82 61
51 83 20
51 84 31
51 85 31
51 86 35
51 87 65
51 88 75
51 89 73
51 90 93
51 91 17
51 92 54
51 93 34
51 94 29
51 95 88
51 96 85
51 97 97
51 98 14
51 99 59
51 100 50
52 53 65
52 54 53
52 55 100
52 56 23
52 57 16
52 58 84
52 59 94
52 60 66
52 61 25
52 62 0
52 63 76
52 64 22
52 65 79
52 66 44
52 67 25
52 68 32
52 69 10
52 70 22
52 71 95
52 72 30
52 73 81
52 74 82
52 75 12
52 76 36
52 77 5
52 78 65
52 79 55
52 80 34
52 81 67
52 82 14
52 83 65
52 84 48
52 85 62
52 86 13
52 87 80
52 88 79
52 89 46
52 90 0
52 91 58
52 92 67
52 93 7
52 94 91
52 95 86
52 96 29
52 97 26
52 98 79
52 99 13
52 100 41
53 54 0
53 55 78
53 56 66
53 57 0
53 58 98
53 59 18
53 60 32
53 61 22
53 62 46
53 63 50
53 64 77
53 65 21
53 66 30
53 67 28
53 68 34
53 69 81
53 70 71
53 71 39
53 72 51
53 73 49
53 74 26
53 75 91
53 76 63
53 77 40
53 78 38
53 79 4
53 80 81
53 81 32
53 82 11
53 83 8
53 84 48
53 85 24
53 86 98
53 87 81
53 88 86
53 89 63
53 90 68
53 91 96
53 92 82
53 93 33
53 94 36
53 95 46
53 96 37
53 97 78
53 98 6
53 99 19
53 100 42
54 55 97
54 56 17
54 57 31
54 58 41
54 59 9
54 60 30
54 61 41
54 62 57
54 63 75
54 64 8
54 65 55
54 66 89
54 67 79
54 68 15
54 69 94
54 70 23
54 71 51
54 72 76
54 73 67
54 74 66
54 75 11
54 76 28
54 77 17
54 78 86
54 79 17
54 80 87
54 81 55
54 82 6
54 83 70
54 84 3
54 85 26
54 86 60
54 87 27
54 88 11
54 89 85
54 90 95
54 91 22
54 92 73
54 93 27
54 94 41
54 95 75
54 96 28
54 97 54
54 98 51
54 99 10
54 100 66
55 56 7
55 57 37
55 58 28
55 59 63
55 60 92
55 61 4
55 62 77
55 63 47
55 64 88
55 65 67
55 66 92
55 67 55
55 68 98
55 69 1
55 70 56
55 71 46
55 72 50
55 73 58
55 74 18
55 75 47
55 76 56
55 77 99
55 78 68
55 79 99
55 80 78
55 81 34
55 82 38
55 83 72
55 84 89
55 85 23
55 86 99
55 87 9
55 88 77
55 89 75
55 90 23
55 91 51
55 92 98
55 93 78
55 94 40
55 95 46
55 96 22
55 97 66
55 98 91
55 99 79
55 100 88
56 57 84
56 58 78
56 59 61
56 60 33
56 61 54
56 62 43
56 63 99
56 64 15
56 65 60
56 66 94
56 67 100
56 68 93
56 69 51
56 70 99
56 71 16
56 72 3
56 73 78
56 74 24
56 75 69
56 76 11
56 77 22
56 78 15
56 79 37
56 80 16
56 81 53
56 82 47
56 83 53
56 84 58
56 85 32
56 86 72
56 87 43
56 88 37
56 89 70
56 90 50
56 91 82
56 92 35
56 93 23
56 94 26
56 95 62
56 96 34
56 97 84
56 98 44
56 99 19
56 100 11
57 58 32
57 59 92
57 60 59
57 61 100
57 62 37
57 63 45
57 64 83
57 65 79
57 66 64
57 67 20
57 68 62
57 69 57
57 70 81
57 71 36
57 72 74
57 73 6
57 74 57
57 75 46
57 76 59
57 77 45
57 78 45
57 79 61
57 80 49
57 81 52
57 82 44
57 83 86
57 84 17
57 85 16
57 86 15
57 87 11
57 88 72
57 89 87
57 90 19
57 91 59
57 92 87
57 93 50
57 94 30
57 95 19
57 96 63
57 97 64
57 98 69
57 99 86
57 100 1
58 59 27
58 60 14
58 61 61
58 62 8
58 63 29
58 64 0
58 65 1
58 66 94
58 67 2
58 68 68
58 69 95
58 70 55
58 71 98
58 72 34
58 73 84
58 74 10
58 75 40
58 76 94
58 77 52
58 78 26
58 79 57
58 80 33
58 81 71
58 82 74
58 83 75
58 84 44
58 85 74
58 86 24
58 87 74
58 88 26
58 89 60
58 90 85
58 91 21
58 92 21
58 93 34
58 94 49
58 95 52
58 96 13
58 97 83
58 98 6
58 99 3
58 100 32
59 60 65
59 61 38
59 62 32
59 63 49
59 64 86
59 65 9
59 66 59
59 67 64
59 68 40
59 69 47
59 70 12
59 71 57
59 72 27
59 73 64
59 74 17
59 75 84
59 76 20
59 77 25
59 78 5
59 79 85
59 80 98
59 81 17
59 82 27
59 83 31
59 84 45
59 85 41
59 86 92
59 87 59
59 88 83
59 89 63
59 90 89
59 91 37
59 92 71
59 93 10
59 94 94
59 95 21
59 96 2
59 97 81
59 98 44
59 99 100
59 100 87
60 61 46
60 62 92
60 63 43
60 64 47
60 65 63
60 66 24
60 67 1
60 68 84
60 69 29
60 70 100
60 71 37
60 72 20
60 73 4
60 74 52
60 75 6
60 76 50
60 77 76
60 78 67
60 79 7
60 80 21
60 81 2
60 82 25
60 83 41
60 84 88
60 85 47
60 86 89
60 87 35
60 88 25
60 89 52
60 90 19
60 91 26
60 92 45
60 93 10
60 94 83
60 95 96
60 96 86
60 97 55
60 98 100
60 99 66
60 100 3
61 62 97
61 63 23
61 64 33
61 65 64
61 66 85
61 67 16
61 68 7
61 69 71
61 70 5
61 71 54
61 72 20
61 73 25
61 74 12
61 75 88
61 76 35
61 77 83
61 78 59
61 79 54
61 80 76
61 81 53
61 82 67
61 83 31
61 84 89
61 85 10
61 86 22
61 87 9
61 88 24
61 89 78
61 90 29
61 91 65
61 92 18
61 93 62
61 94 84
61 95 75
61 96 72
61 97 13
61 98 7
61 99 45
61 100 26
62 63 76
62 64 82
62 65 36
62 66 47
62 67 68
62 68 28
62 69 31
62 70 15
62 71 68
62 72 69
62 73 28
62 74 52
62 75 33
62 76 4
62 77 13
62 78 66
62 79 11
62 80 53
62 81 7
62 82 100
62 83 94
62 84 78
62 85 67
62 86 40
62 87 99
62 88 10
62 89 46
62 90 37
62 91 82
62 92 55
62 93 31
62 94 13
62 95 30
62 96 0
62 97 10
62 98 29
62 99 89
62 100 62
63 64 42
63 65 14
63 66 29
63 67 31
63 68 2
63 69 9
63 70 51
63 71 36
63 72 59
63 73 32
63 74 38
63 75 28
63 76 36
63 77 8
63 78 39
63 79 53
63 80 54
63 81 30
63 82 34
63 83 14
63 84 47
63 85 5
63 86 97
63 87 83
63 88 15
63 89 49
63 90 90
63 91 26
63 92 58
63 93 24
63 94 66
63 95 91
63 96 37
63 97 23
63 98 93
63 99 31
63 100 62
64 65 42
64 66 67
64 67 81
64 68 64
64 69 97
64 70 43
64 71 36
64 72 46
64 73 47
64 74 83
64 75 2
64 76 1
64 77 88
64 78 59
64 79 36
64 80 79
64 81 89
64 82 27
64 83 73
64 84 4
64 85 86
64 86 45
64 87 24
64 88 20
64 89 83
64 90 12
64 91 6
64 92 80
64 93 1
64 94 79
64 95 97
64 96 38
64 97 60
64 98 43
64 99 91
64 100 31
65 66 36
65 67 72
65 68 49
65 69 78
65 70 43
65 71 81
65 72 72
65 73 99
65 74 29
65 75 39
65 76 81
65 77 40
65 78 50
65 79 29
65 80 69
65 81 20
65 82 42
65 83 91
65 84 17
65 85 25
65 86 8
65 87 94
65 88 63
65 89 50
65 90 80
65 91 50
65 92 58
65 93 42
65 94 13
65 95 1
65 96 73
65 97 83
65 98 19
65 99 26
65 100 52
66 67 61
66 68 1
66 69 9
66 70 52
66 71 20
66 72 4
66 73 34
66 74 98
66 75 28
66 76 95
66 77 46
66 78 61
66 79 62
66 80 40
66 81 3
66 82 32
66 83 3
66 84 47
66 85 56
66 86 21
66 87 34
66 88 90
66 89 60
66 90 32
66 91 99
66 92 66
66 93 92
66 94 91
66 95 21
66 96 60
66 97 51
66 98 82
66 99 13
66 100 24
67 68 85
67 69 8
67 70 71
67 71 51
67 72 73
67 73 39
67 74 64
67 75 79
67 76 10
67 77 42
67 78 75
67 79 7
67 80 99
67 81 87
67 82 20
67 83 87
67 84 13
67 85 91
67 86 52
67 87 30
67 88 89
67 89 20
67 90 91
67 91 19
67 92 25
67 93 54
67 94 18
67 95 17
67 96 22
67 97 28
67 98 22
67 99 43
67 100 100
68 69 78
68 70 28
68 71 70
68 72 22
68 73 21
68 74 44
68 75 66
68 76 48
68 77 77
68 78 78
68 79 6
68 80 23
68 81 41
68 82 42
68 83 19
68 84 27
68 85 76
68 86 68
68 87 64
68 88 25
68 89 64
68 90 87
68 91 17
68 92 10
68 93 61
68 94 39
68 95 82
68 96 39
68 97 86
68 98 57
68 99 34
68 100 73
69 70 33
69 71 0
69 72 34
69 73 17
69 74 15
69 75 53
69 76 5
69 77 75
69 78 4
69 79 94
69 80 51
69 81 31
69 82 94
69 83 12
69 84 87
69 85 32
69 86 3
69 87 24
69 88 84
69 89 63
69 90 30
69 91 56
69 92 88
69 93 18
69 94 86
69 95 99
69 96 81
69 97 25
69 98 100
69 99 37
69 100 27
70 71 54
70 72 98
70 73 21
70 74 84
70 75 90
70 76 39
70 77 37
70 78 15
70 79 62
70 80 5
70 81 96
70 82 13
70 83 41
70 84 2
70 85 23
70 86 70
70 87 83
70 88 44
70 89 26
70 90 59
70 91 42
70 92 39
70 93 46
70 94 45
70 95 33
70 96 1
70 97 59
70 98 1
70 99 12
70 100 59
71 72 2
71 73 19
71 74 13
71 75 76
71 76 81
71 77 59
71 78 73
71 79 23
71 80 51
71 81 14
71 82 1
71 83 84
71 84 49
71 85 73
71 86 86
71 87 57
71 88 57
71 89 36
71 90 91
71 91 41
71 92 0
71 93 8
71 94 61
71 95 61
71 96 60
71 97 71
71 98 61
71 99 93
71 100 77
72 73 72
72 74 61
72 75 92
72 76 9
72 77 36
72 78 73
72 79 81
72 80 26
72 81 23
72 82 95
72 83 45
72 84 22
72 85 9
72 86 35
72 87 32
72 88 26
72 89 35
72 90 25
72 91 64
72 92 71
72 93 24
72 94 46
72 95 49
72 96 57
72 97 66
72 98 94
72 99 88
72 100 29
73 74 98
73 75 61
73 76 16
73 77 91
73 78 49
73 79 53
73 80 93
73 81 0
73 82 57
73 83 70
73 84 93
73 85 40
73 86 61
73 87 0
73 88 9
73 89 48
73 90 69
73 91 66
73 92 63
73 93 46
73 94 26
73 95 17
73 96 15
73 97 35
73 98 59
73 99 22
73 100 75
74 75 58
74 76 81
74 77 49
74 78 75
74 79 50
74 80 53
74 81 97
74 82 95
74 83 26
74 84 66
74 85 22
74 86 18
74 87 99
74 88 11
74 89 20
74 90 63
74 91 82
74 92 3
74 93 23
74 94 28
74 95 12
74 96 83
74 97 16
74 98 68
74 99 96
74 100 65
75 76 100
75 77 22
75 78 33
75 79 81
75 80 14
75 81 70
75 82 48
75 83 87
75 84 57
75 85 59
75 86 72
75 87 50
75 88 27
75 89 83
75 90 96
75 91 65
75 92 55
75 93 52
75 94 34
75 95 82
75 96 5
75 97 11
75 98 17
75 99 21
75 100 97
76 77 49
76 78 39
76 79 4
76 80 55
76 81 61
76 82 14
76 83 59
76 84 34
76 85 41
76 86 9
76 87 82
76 88 3
76 89 31
76 90 42
76 91 39
76 92 94
76 93 46
76 94 59
76 95 44
76 96 1
76 97 76
76 98 35
76 99 66
76 100 99
77 78 17
77 79 9
77 80 45
77 81 55
77 82 51
77 83 4
77 84 94
77 85 11
77 86 83
77 87 33
77 88 63
77 89 1
77 90 16
77 91 33
77 92 75
77 93 20
77 94 31
77 95 8
77 96 70
77 97 17
77 98 12
77 99 62
77 100 26
78 79 86
78 80 41
78 81 22
78 82 78
78 83 69
78 84 96
78 85 20
78 86 41
78 87 56
78 88 43
78 89 49
78 90 69
78 91 6
78 92 20
78 93 31
78 94 31
78 95 23
78 96 75
78 97 100
78 98 61
78 99 86
78 100 34
79 80 65
79 81 66
79 82 9
79 83 11
79 84 77
79 85 93
79 86 76
79 87 83
79 88 21
79 89 23
79 90 91
79 91 8
79 92 96
79 93 40
79 94 68
79 95 6
79 96 79
79 97 92
79 98 88
79 99 28
79 100 38
80 81 34
80 82 78
80 83 79
80 84 40
80 85 26
80 86 81
80 87 95
80 88 43
80 89 45
80 90 63
80 91 44
80 92 90
80 93 93
80 94 22
80 95 32
80 96 36
80 97 7
80 98 34
80 99 28
80 100 93
81 82 79
81 83 26
81 84 42
81 85 21
81 86 69
81 87 52
81 88 85
81 89 90
81 90 84
81 91 0
81 92 26
81 93 84
81 94 70
81 95 60
81 96 35
81 97 23
81 98 17
81 99 15
81 100 13
82 83 94
82 84 46
82 85 10
82 86 52
82 87 58
82 88 96
82 89 19
82 90 67
82 91 97
82 92 82
82 93 27
82 94 55
82 95 27
82 96 44
82 97 28
82 98 45
82 99 34
82 100 41
83 84 87
83 85 7
83 86 53
83 87 74
83 88 16
83 89 77
83 90 75
83 91 34
83 92 98
83 93 64
83 94 47
83 95 22
83 96 69
83 97 72
83 98 53
83 99 53
83 100 65
84 85 54
84 86 57
84 87 95
84 88 41
84 89 95
84 90 77
84 91 60
84 92 9
84 93 69
84 94 87
84 95 37
84 96 81
84 97 3
84 98 49
84 99 100
84 100 45
85 86 45
85 87 48
85 88 79
85 89 99
85 90 58
85 91 26
85 92 72
85 93 58
85 94 83
85 95 63
85 96 89
85 97 72
85 98 86
85 99 100
85 100 20
86 87 57
86 88 58
86 89 80
86 90 67
86 91 72
86 92 20
86 93 16
86 94 86
86 95 16
86 96 34
86 97 62
86 98 43
86 99 99
86 100 85
87 88 88
87 89 89
87 90 6
87 91 82
87 92 80
87 93 91
87 94 73
87 95 14
87 96 1
87 97 13
87 98 35
87 99 8
87 100 37
88 89 75
88 90 37
88 91 25
88 92 25
88 93 94
88 94 32
88 95 4
88 96 22
88 97 24
88 98 55
88 99 70
88 100 17
89 90 65
89 91 98
89 92 100
89 93 22
89 94 19
89 95 57
89 96 78
89 97 53
89 98 77
89 99 32
89 100 36
90 91 93
90 92 17
90 93 74
90 94 9
90 95 29
90 96 42
90 97 59
90 98 64
90 99 9
90 100 28
91 92 1
91 93 81
91 94 49
91 95 3
91 96 90
91 97 31
91 98 20
91 99 56
91 100 82
92 93 83
92 94 76
92 95 39
92 96 76
92 97 67
92 98 35
92 99 85
92 100 42
93 94 23
93 95 62
93 96 16
93 97 18
93 98 74
93 99 25
93 100 12
94 95 83
94 96 90
94 97 67
94 98 85
94 99 92
94 100 93
95 96 25
95 97 83
95 98 49
95 99 100
95 100 34
96 97 43
96 98 51
96 99 45
96 100 0
97 98 95
97 99 9
97 100 55
98 99 33
98 100 40
99 100 29
