100 2
1 2 16
1 3 56
1 4 28
1 5 66
1 6 47
1 7 36
1 8 2
1 9 76
1 10 80
1 11 46
1 12 77
1 13 24
1 14 75
1 15 70
1 16 13
1 17 27
1 18 3
1 19 94
1 20 22
1 21 25
1 22 79
1 23 32
1 24 33
1 25 15
1 26 26
1 27 93
1 28 79
1 29 6
1 30 7
1 31 91
1 32 84
1 33 65
1 34 20
1 35 52
1 36 16
1 37 75
1 38 52
1 39 79
1 40 63
1 41 86
1 42 24
1 43 48
1 44 100
1 45 83
1 46 8
1 47 15
1 48 58
1 49 71
1 50 77
1 51 60
1 52 7
1 53 84
1 54 10
1 55 66
1 56 29
1 57 80
1 58 74
1 59 62
1 60 50
1 61 27
1 62 86
1 63 81
1 64 81
1 65 6
1 66 80
1 67 71
1 68 84
1 69 57
1 70 79
1 71 45
1 72 21
1 73 8
1 74 60
1 75 25
1 76 16
1 77 81
1 78 100
1 79 71
1 80 8
1 81 36
1 82 17
1 83 33
1 84 62
1 85 36
1 86 28
1 87 18
1 88 89
1 89 62
1 90 65
1 91 6
1 92 6
1 93 55
1 94 1
1 95 6
1 96 62
1 97 90
1 98 55
1 99 81
1 100 9
2 3 70
2 4 21
2 5 20
2 6 44
2 7 99
2 8 0
2 9 44
2 10 15
2 11 43
2 12 3
2 13 60
2 14 40
2 15 33
2 16 2
2 17 19
2 18 27
2 19 45
2 20 6
2 21 55
2 22 43
2 23 8
2 24 39
2 25 86
2 26 13
2 27 28
2 28 6
2 29 81
2 30 39
2 31 6
2 32 38
2 33 38
2 34 99
2 35 95
2 36 68
2 37 8
2 38 70
2 39 53
2 40 14
2 41 46
2 42 63
2 43 81
2 44 55
2 45 34
2 46 62
2 47 54
2 48 43
2 49 95
2 50 68
2 51 65
2 52 29
2 53 44
2 54 29
2 55 97
2 56 26
2 57 80
2 58 70
2 59 50
2 60 15
2 61 30
2 62 89
2 63 11
2 64 50
2 65 89
2 66 50
2 67 78
2 68 88
2 69 64
2 70 56
2 71 19
2 72 4
2 73 91
2 74 29
2 75 60
2 76 51
2 77 49
2 78 28
2 79 5
2 80 13
2 81 73
2 82 32
2 83 53
2 84 54
2 85 16
2 86 2
2 87 5
2 88 28
2 89 50
2 90 27
2 91 72
2 92 67
2 93 79
2 94 3
2 95 67
2 96 59
2 97 34
2 98 64
2 99 12
2 100 62
3 4 100
3 5 15
3 6 55
3 7 79
3 8 43
3 9 27
3 10 64
3 11 100
3 12 31
3 13 37
3 14 52
3 15 0
3 16 97
3 17 21
3 18 63
3 19 41
3 20 10
3 21 11
3 22 97
3 23 68
3 24 10
3 25 77
3 26 11
3 27 35
3 28 99
3 29 72
3 30 64
3 31 37
3 32 62
3 33 45
3 34 83
3 35 75
3 36 30
3 37 17
3 38 74
3 39 50
3 40 97
3 41 93
3 42 98
3 43 1
3 44 89
3 45 39
3 46 75
3 47 62
3 48 71
3 49 67
3 50 99
3 51 62
3 52 6
3 53 75
3 54 20
3 55 96
3 56 59
3 57 4
3 58 85
3 59 10
3 60 29
3 61 52
3 62 27
3 63 66
3 64 5
3 65 94
3 66 9
3 67 85
3 68 33
3 69 46
3 70 84
3 71 44
3 72 78
3 73 9
3 74 54
3 75 62
3 76 55
3 77 53
3 78 21
3 79 21
3 80 33
3 81 72
3 82 19
3 83 77
3 84 8
3 85 41
3 86 9
3 87 92
3 88 25
3 89 52
3 90 63
3 91 53
3 92 95
3 93 11
3 94 81
3 95 92
3 96 11
3 97 1
3 98 77
3 99 100
3 100 13
4 5 32
4 6 80
4 7 92
4 8 19
4 9 85
4 10 45
4 11 24
4 12 3
4 13 57
4 14 33
4 15 38
4 16 83
4 17 69
4 18 19
4 19 98
4 20 65
4 21 94
4 22 49
4 23 87
4 24 78
4 25 47
4 26 72
4 27 12
4 28 43
4 29 43
4 30 65
4 31 57
4 32 90
4 33 67
4 34 56
4 35 49
4 36 70
4 37 79
4 38 49
4 39 60
4 40 81
4 41 10
4 42 51
4 43 65
4 44 22
4 45 59
4 46 24
4 47 98
4 48 31
4 49 26
4 50 33
4 51 69
4 52 65
4 53 20
4 54 65
4 55 53
4 56 57
4 57 24
4 58 19
4 59 50
4 60 61
4 61 50
4 62 45
4 63 85
4 64 40
4 65 87
4 66 53
4 67 80
4 68 40
4 69 75
4 70 76
4 71 37
4 72 32
4 73 31
4 74 5
4 75 50
4 76 4
4 77 74
4 78 18
4 79 5
4 80 17
4 81 38
4 82 98
4 83 38
4 84 24
4 85 28
4 86 72
4 87 84
4 88 68
4 89 49
4 90 77
4 91 60
4 92 68
4 93 72
4 94 27
4 95 74
4 96 42
4 97 41
4 98 49
4 99 25
4 100 20
5 6 36
5 7 23
5 8 47
5 9 58
5 10 8
5 11 38
5 12 73
5 13 7
5 14 11
5 15 3
5 16 39
5 17 37
5 18 5
5 19 33
5 20 93
5 21 34
5 22 59
5 23 96
5 24 14
5 25 44
5 26 38
5 27 20
5 28 20
5 29 39
5 30 75
5 31 84
5 32 5
5 33 14
5 34 24
5 35 65
5 36 8
5 37 92
5 38 89
5 39 22
5 40 18
5 41 5
5 42 31
5 43 1
5 44 53
5 45 59
5 46 28
5 47 73
5 48 18
5 49 11
5 50 6
5 51 92
5 52 6
5 53 57
5 54 57
5 55 10
5 56 32
5 57 59
5 58 61
5 59 65
5 60 55
5 61 70
5 62 31
5 63 16
5 64 43
5 65 86
5 66 87
5 67 20
5 68 31
5 69 27
5 70 31
5 71 42
5 72 68
5 73 93
5 74 55
5 75 69
5 76 19
5 77 92
5 78 68
5 79 97
5 80 60
5 81 72
5 82 15
5 83 74
5 84 56
5 85 83
5 86 4
5 87 86
5 88 5
5 89 27
5 90 5
5 91 90
5 92 76
5 93 48
5 94 100
5 95 32
5 96 95
5 97 67
5 98 21
5 99 78
5 100 23
6 7 10
6 8 41
6 9 1
6 10 19
6 11 61
6 12 11
6 13 95
6 14 75
6 15 15
6 16 97
6 17 100
6 18 84
6 19 24
6 20 13
6 21 7
6 22 92
6 23 86
6 24 73
6 25 96
6 26 18
6 27 47
6 28 56
6 29 16
6 30 15
6 31 97
6 32 71
6 33 61
6 34 5
6 35 61
6 36 8
6 37 70
6 38 80
6 39 80
6 40 23
6 41 1
6 42 15
6 43 71
6 44 55
6 45 89
6 46 73
6 47 100
6 48 61
6 49 11
6 50 74
6 51 12
6 52 42
6 53 53
6 54 22
6 55 44
6 56 23
6 57 7
6 58 4
6 59 46
6 60 93
6 61 60
6 62 6
6 63 92
6 64 4
6 65 60
6 66 2
6 67 67
6 68 6
6 69 2
6 70 39
6 71 42
6 72 5
6 73 70
6 74 20
6 75 33
6 76 43
6 77 39
6 78 27
6 79 5
6 80 33
6 81 43
6 82 24
6 83 94
6 84 61
6 85 52
6 86 84
6 87 12
6 88 61
6 89 45
6 90 31
6 91 53
6 92 29
6 93 58
6 94 86
6 95 36
6 96 69
6 97 91
6 98 81
6 99 5
6 100 46
7 8 74
7 9 61
7 10 10
7 11 16
7 12 57
7 13 41
7 14 13
7 15 19
7 16 34
7 17 16
7 18 27
7 19 35
7 20 68
7 21 46
7 22 33
7 23 14
7 24 11
7 25 94
7 26 43
7 27 95
7 28 41
7 29 73
7 30 82
7 31 9
7 32 91
7 33 39
7 34 77
7 35 92
7 36 34
7 37 24
7 38 77
7 39 91
7 40 56
7 41 4
7 42 97
7 43 19
7 44 82
7 45 26
7 46 13
7 47 16
7 48 32
7 49 72
7 50 75
7 51 29
7 52 12
7 53 29
7 54 90
7 55 30
7 56 54
7 57 29
7 58 45
7 59 30
7 60 27
7 61 23
7 62 5
7 63 63
7 64 73
7 65 28
7 66 84
7 67 28
7 68 56
7 69 96
7 70 95
7 71 13
7 72 23
7 73 19
7 74 42
7 75 91
7 76 65
7 77 8
7 78 4
7 79 75
7 80 90
7 81 3
7 82 51
7 83 84
7 84 87
7 85 56
7 86 69
7 87 15
7 88 48
7 89 0
7 90 32
7 91 48
7 92 99
7 93 68
7 94 19
7 95 70
7 96 60
7 97 50
7 98 85
7 99 46
7 100 2
8 9 84
8 10 67
8 11 29
8 12 42
8 13 54
8 14 57
8 15 69
8 16 35
8 17 51
8 18 53
8 19 53
8 20 49
8 21 67
8 22 60
8 23 70
8 24 76
8 25 24
8 26 43
8 27 71
8 28 43
8 29 76
8 30 31
8 31 42
8 32 12
8 33 11
8 34 85
8 35 79
8 36 52
8 37 68
8 38 1
8 39 49
8 40 64
8 41 18
8 42 99
8 43 83
8 44 22
8 45 83
8 46 32
8 47 58
8 48 2
8 49 4
8 50 82
8 51 81
8 52 47
8 53 84
8 54 42
8 55 26
8 56 55
8 57 88
8 58 10
8 59 89
8 60 27
8 61 62
8 62 21
8 63 39
8 64 38
8 65 44
8 66 97
8 67 84
8 68 62
8 69 70
8 70 30
8 71 95
8 72 82
8 73 77
8 74 5
8 75 7
8 76 5
8 77 80
8 78 82
8 79 36
8 80 17
8 81 39
8 82 93
8 83 32
8 84 91
8 85 81
8 86 84
8 87 3
8 88 84
8 89 4
8 90 3
8 91 84
8 92 62
8 93 12
8 94 77
8 95 25
8 96 99
8 97 60
8 98 85
8 99 79
8 100 78
9 10 64
9 11 13
9 12 11
9 13 50
9 14 34
9 15 79
9 16 15
9 17 11
9 18 26
9 19 30
9 20 74
9 21 81
9 22 37
9 23 52
9 24 90
9 25 27
9 26 72
9 27 33
9 28 92
9 29 33
9 30 18
9 31 80
9 32 97
9 33 44
9 34 21
9 35 26
9 36 75
9 37 17
9 38 30
9 39 44
9 40 83
9 41 74
9 42 79
9 43 71
9 44 39
9 45 0
9 46 49
9 47 2
9 48 99
9 49 28
9 50 19
9 51 4
9 52 50
9 53 84
9 54 53
9 55 81
9 56 2
9 57 64
9 58 23
9 59 88
9 60 0
9 61 84
9 62 36
9 63 74
9 64 71
9 65 1
9 66 70
9 67 48
9 68 95
9 69 5
9 70 99
9 71 28
9 72 95
9 73 71
9 74 19
9 75 29
9 76 64
9 77 97
9 78 67
9 79 74
9 80 1
9 81 13
9 82 97
9 83 60
9 84 47
9 85 63
9 86 100
9 87 62
9 88 87
9 89 2
9 90 22
9 91 61
9 92 2
9 93 28
9 94 56
9 95 36
9 96 83
9 97 3
9 98 2
9 99 6
9 100 71
10 11 96
10 12 40
10 13 9
10 14 82
10 15 90
10 16 65
10 17 15
10 18 3
10 19 28
10 20 8
10 21 78
10 22 3
10 23 54
10 24 8
10 25 6
10 26 20
10 27 76
10 28 12
10 29 81
10 30 94
10 31 20
10 32 62
10 33 4
10 34 59
10 35 2
10 36 54
10 37 23
10 38 30
10 39 48
10 40 81
10 41 36
10 42 22
10 43 80
10 44 31
10 45 67
10 46 39
10 47 66
10 48 40
10 49 83
10 50 5
10 51 79
10 52 0
10 53 90
10 54 65
10 55 50
10 56 99
10 57 54
10 58 23
10 59 93
10 60 49
10 61 48
10 62 51
10 63 60
10 64 88
10 65 69
10 66 88
10 67 77
10 68 20
10 69 30
10 70 45
10 71 94
10 72 13
10 73 31
10 74 53
10 75 74
10 76 48
10 77 78
10 78 73
10 79 87
10 80 77
10 81 95
10 82 34
10 83 15
10 84 84
10 85 82
10 86 66
10 87 70
10 88 52
10 89 75
10 90 67
10 91 43
10 92 96
10 93 91
10 94 65
10 95 36
10 96 13
10 97 48
10 98 10
10 99 94
10 100 74
11 12 79
11 13 56
11 14 26
11 15 53
11 16 21
11 17 12
11 18 52
11 19 31
11 20 73
11 21 33
11 22 32
11 23 1
11 24 81
11 25 56
11 26 14
11 27 76
11 28 53
11 29 59
11 30 53
11 31 87
11 32 48
11 33 3
11 34 54
11 35 48
11 36 93
11 37 79
11 38 20
11 39 4
11 40 4
11 41 41
11 42 69
11 43 4
11 44 12
11 45 32
11 46 88
11 47 53
11 48 3
11 49 29
11 50 69
11 51 79
11 52 37
11 53 4
11 54 17
11 55 14
11 56 5
11 57 11
11 58 89
11 59 14
11 60 87
11 61 9
11 62 50
11 63 100
11 64 18
11 65 46
11 66 5
11 67 26
11 68 51
11 69 65
11 70 82
11 71 75
11 72 23
11 73 44
11 74 92
11 75 5
11 76 75
11 77 78
11 78 43
11 79 93
11 80 13
11 81 46
11 82 41
11 83 91
11 84 81
11 85 24
11 86 21
11 87 63
11 88 68
11 89 37
11 90 75
11 91 79
11 92 32
11 93 53
11 94 7
11 95 72
11 96 28
11 97 63
11 98 18
11 99 70
11 100 7
12 13 42
12 14 28
12 15 78
12 16 67
12 17 52
12 18 89
12 19 29
12 20 20
12 21 86
12 22 75
12 23 78
12 24 62
12 25 20
12 26 93
12 27 97
12 28 1
12 29 61
12 30 68
12 31 94
12 32 43
12 33 51
12 34 36
12 35 70
12 36 96
12 37 2
12 38 47
12 39 84
12 40 66
12 41 100
12 42 64
12 43 49
12 44 79
12 45 66
12 46 85
12 47 14
12 48 43
12 49 19
12 50 1
12 51 7
12 52 1
12 53 69
12 54 60
12 55 18
12 56 100
12 57 67
12 58 36
12 59 2
12 60 97
12 61 28
12 62 71
12 63 63
12 64 77
12 65 52
12 66 99
12 67 12
12 68 81
12 69 11
12 70 70
12 71 82
12 72 20
12 73 50
12 74 27
12 75 15
12 76 100
12 77 22
12 78 31
12 79 61
12 80 1
12 81 27
12 82 51
12 83 99
12 84 58
12 85 30
12 86 83
12 87 35
12 88 96
12 89 31
12 90 45
12 91 71
12 92 63
12 93 97
12 94 21
12 95 27
12 96 87
12 97 34
12 98 37
12 99 20
12 100 38
13 14 45
13 15 28
13 16 68
13 17 47
13 18 68
13 19 10
13 20 26
13 21 46
13 22 62
13 23 41
13 24 97
13 25 3
13 26 64
13 27 46
13 28 58
13 29 70
13 30 4
13 31 14
13 32 89
13 33 63
13 34 99
13 35 45
13 36 29
13 37 53
13 38 11
13 39 36
13 40 64
13 41 93
13 42 43
13 43 37
13 44 50
13 45 7
13 46 30
13 47 100
13 48 89
13 49 11
13 50 71
13 51 68
13 52 37
13 53 27
13 54 63
13 55 79
13 56 94
13 57 10
13 58 81
13 59 60
13 60 52
13 61 14
13 62 19
13 63 82
13 64 77
13 65 99
13 66 39
13 67 46
13 68 8
13 69 20
13 70 2
13 71 81
13 72 93
13 73 86
13 74 100
13 75 57
13 76 81
13 77 16
13 78 22
13 79 11
13 80 37
13 81 48
13 82 73
13 83 58
13 84 59
13 85 0
13 86 93
13 87 12
13 88 99
13 89 51
13 90 83
13 91 57
13 92 74
13 93 58
13 94 28
13 95 49
13 96 8
13 97 29
13 98 4
13 99 52
13 100 70
14 15 54
14 16 80
14 17 58
14 18 6
14 19 85
14 20 52
14 21 86
14 22 34
14 23 64
14 24 4
14 25 55
14 26 80
14 27 68
14 28 48
14 29 10
14 30 9
14 31 100
14 32 0
14 33 60
14 34 90
14 35 39
14 36 39
14 37 36
14 38 45
14 39 85
14 40 98
14 41 60
14 42 39
14 43 26
14 44 22
14 45 99
14 46 47
14 47 86
14 48 14
14 49 62
14 50 30
14 51 5
14 52 3
14 53 46
14 54 61
14 55 52
14 56 38
14 57 49
14 58 22
14 59 87
14 60 37
14 61 34
14 62 93
14 63 0
14 64 54
14 65 13
14 66 15
14 67 17
14 68 45
14 69 49
14 70 42
14 71 9
14 72 1
14 73 99
14 74 93
14 75 24
14 76 23
14 77 99
14 78 72
14 79 0
14 80 10
14 81 46
14 82 38
14 83 28
14 84 71
14 85 16
14 86 99
14 87 66
14 88 13
14 89 5
14 90 58
14 91 49
14 92 22
14 93 19
14 94 82
14 95 10
14 96 3
14 97 61
14 98 14
14 99 83
14 100 37
15 16 40
15 17 30
15 18 89
15 19 42
15 20 100
15 21 47
15 22 30
15 23 27
15 24 78
15 25 80
15 26 49
15 27 87
15 28 40
15 29 57
15 30 9
15 31 43
15 32 33
15 33 75
15 34 22
15 35 17
15 36 22
15 37 32
15 38 52
15 39 77
15 40 17
15 41 5
15 42 17
15 43 66
15 44 98
15 45 56
15 46 51
15 47 18
15 48 84
15 49 39
15 50 94
15 51 69
15 52 83
15 53 31
15 54 26
15 55 23
15 56 100
15 57 21
15 58 23
15 59 82
15 60 56
15 61 99
15 62 86
15 63 22
15 64 76
15 65 91
15 66 68
15 67 53
15 68 9
15 69 98
15 70 98
15 71 0
15 72 75
15 73 5
15 74 69
15 75 92
15 76 44
15 77 64
15 78 4
15 79 81
15 80 58
15 81 56
15 82 23
15 83 39
15 84 61
15 85 76
15 86 84
15 87 45
15 88 62
15 89 44
15 90 67
15 91 47
15 92 22
15 93 47
15 94 83
15 95 79
15 96 47
15 97 100
15 98 12
15 99 49
15 100 95
16 17 43
16 18 18
16 19 72
16 20 38
16 21 59
16 22 34
16 23 89
16 24 16
16 25 49
16 26 78
16 27 17
16 28 32
16 29 67
16 30 11
16 31 18
16 32 33
16 33 19
16 34 84
16 35 88
16 36 19
16 37 73
16 38 79
16 39 17
16 40 61
16 41 78
16 42 0
16 43 54
16 44 42
16 45 62
16 46 88
16 47 21
16 48 46
16 49 34
16 50 7
16 51 79
16 52 9
16 53 7
16 54 72
16 55 92
16 56 38
16 57 13
16 58 24
16 59 61
16 60 30
16 61 56
16 62 19
16 63 79
16 64 6
16 65 76
16 66 39
16 67 87
16 68 73
16 69 47
16 70 72
16 71 72
16 72 23
16 73 74
16 74 54
16 75 46
16 76 66
16 77 18
16 78 81
16 79 72
16 80 71
16 81 25
16 82 1
16 83 49
16 84 63
16 85 3
16 86 85
16 87 29
16 88 93
16 89 5
16 90 58
16 91 92
16 92 58
16 93 4
16 94 27
16 95 61
16 96 87
16 97 73
16 98 91
16 99 87
16 100 11
17 18 93
17 19 84
17 20 30
17 21 2
17 22 83
17 23 44
17 24 60
17 25 32
17 26 32
17 27 55
17 28 46
17 29 17
17 30 45
17 31 39
17 32 12
17 33 15
17 34 11
17 35 60
17 36 88
17 37 60
17 38 100
17 39 65
17 40 13
17 41 45
17 42 32
17 43 41
17 44 61
17 45 5
17 46 66
17 47 43
17 48 6
17 49 0
17 50 28
17 51 4
17 52 66
17 53 78
17 54 52
17 55 79
17 56 2
17 57 80
17 58 36
17 59 24
17 60 42
17 61 56
17 62 59
17 63 40
17 64 38
17 65 31
17 66 22
17 67 44
17 68 5
17 69 48
17 70 2
17 71 47
17 72 62
17 73 76
17 74 82
17 75 47
17 76 12
17 77 17
17 78 21
17 79 74
17 80 62
17 81 99
17 82 87
17 83 5
17 84 6
17 85 30
17 86 56
17 87 10
17 88 70
17 89 32
17 90 71
17 91 30
17 92 36
17 93 27
17 94 44
17 95 37
17 96 40
17 97 10
17 98 96
17 99 75
17 100 42
18 19 71
18 20 9
18 21 1
18 22 51
18 23 46
18 24 37
18 25 69
18 26 6
18 27 4
18 28 60
18 29 64
18 30 70
18 31 11
18 32 75
18 33 30
18 34 24
18 35 8
18 36 100
18 37 57
18 38 81
18 39 49
18 40 32
18 41 7
18 42 43
18 43 25
18 44 6
18 45 91
18 46 25
18 47 38
18 48 82
18 49 19
18 50 67
18 51 48
18 52 62
18 53 73
18 54 0
18 55 74
18 56 15
18 57 50
18 58 78
18 59 35
18 60 37
18 61 41
18 62 12
18 63 94
18 64 23
18 65 9
18 66 14
18 67 18
18 68 84
18 69 19
18 70 77
18 71 4
18 72 70
18 73 35
18 74 79
18 75 43
18 76 4
18 77 80
18 78 74
18 79 66
18 80 57
18 81 80
18 82 28
18 83 16
18 84 39
18 85 81
18 86 40
18 87 50
18 88 4
18 89 92
18 90 29
18 91 98
18 92 83
18 93 78
18 94 58
18 95 5
18 96 60
18 97 13
18 98 27
18 99 48
18 100 21
19 20 73
19 21 72
19 22 19
19 23 43
19 24 70
19 25 76
19 26 34
19 27 64
19 28 91
19 29 98
19 30 74
19 31 22
19 32 3
19 33 37
19 34 91
19 35 52
19 36 58
19 37 84
19 38 14
19 39 77
19 40 29
19 41 41
19 42 41
19 43 41
19 44 16
19 45 35
19 46 7
19 47 20
19 48 61
19 49 34
19 50 27
19 51 99
19 52 43
19 53 8
19 54 15
19 55 86
19 56 17
19 57 9
19 58 75
19 59 72
19 60 32
19 61 94
19 62 78
19 63 99
19 64 23
19 65 74
19 66 83
19 67 25
19 68 11
19 69 75
19 70 45
19 71 67
19 72 14
19 73 91
19 74 87
19 75 26
19 76 53
19 77 57
19 78 45
19 79 87
19 80 22
19 81 52
19 82 66
19 83 9
19 84 98
19 85 74
19 86 47
19 87 24
19 88 28
19 89 73
19 90 100
19 91 29
19 92 66
19 93 93
19 94 51
19 95 47
19 96 95
19 97 93
19 98 15
19 99 72
19 100 33
20 21 56
20 22 69
20 23 1
20 24 71
20 25 86
20 26 7
20 27 8
20 28 5
20 29 89
20 30 11
20 31 17
20 32 50
20 33 48
20 34 43
20 35 21
20 36 58
20 37 80
20 38 2
20 39 61
20 40 39
20 41 18
20 42 24
20 43 77
20 44 34
20 45 79
20 46 9
20 47 71
20 48 63
20 49 7
20 50 3
20 51 87
20 52 97
20 53 89
20 54 36
20 55 54
20 56 22
20 57 73
20 58 27
20 59 49
20 60 100
20 61 36
20 62 73
20 63 69
20 64 86
20 65 26
20 66 29
20 67 10
20 68 7
20 69 6
20 70 64
20 71 83
20 72 40
20 73 99
20 74 41
20 75 89
20 76 16
20 77 86
20 78 14
20 79 87
20 80 0
20 81 25
20 82 18
20 83 73
20 84 66
20 85 37
20 86 37
20 87 22
20 88 16
20 89 35
20 90 17
20 91 84
20 92 11
20 93 31
20 94 38
20 95 57
20 96 26
20 97 37
20 98 17
20 99 6
20 100 79
21 22 53
21 23 23
21 24 6
21 25 70
21 26 77
21 27 31
21 28 85
21 29 90
21 30 71
21 31 100
21 32 76
21 33 52
21 34 95
21 35 93
21 36 21
21 37 75
21 38 51
21 39 13
21 40 99
21 41 53
21 42 98
21 43 44
21 44 35
21 45 73
21 46 74
21 47 27
21 48 90
21 49 60
21 50 65
21 51 44
21 52 84
21 53 92
21 54 21
21 55 18
21 56 46
21 57 51
21 58 82
21 59 64
21 60 20
21 61 41
21 62 31
21 63 51
21 64 43
21 65 57
21 66 80
21 67 53
21 68 3
21 69 58
21 70 58
21 71 13
21 72 50
21 73 51
21 74 36
21 75 28
21 76 32
21 77 46
21 78 2
21 79 29
21 80 84
21 81 43
21 82 89
21 83 38
21 84 71
21 85 80
21 86 19
21 87 96
21 88 64
21 89 41
21 90 25
21 91 8
21 92 65
21 93 48
21 94 40
21 95 16
21 96 24
21 97 52
21 98 84
21 99 22
21 100 45
22 23 71
22 24 96
22 25 94
22 26 29
22 27 93
22 28 82
22 29 77
22 30 57
22 31 65
22 32 14
22 33 35
22 34 77
22 35 32
22 36 73
22 37 76
22 38 17
22 39 57
22 40 32
22 41 8
22 42 52
22 43 9
22 44 61
22 45 6
22 46 89
22 47 32
22 48 38
22 49 100
22 50 51
22 51 36
22 52 42
22 53 48
22 54 46
22 55 18
22 56 60
22 57 76
22 58 29
22 59 51
22 60 23
22 61 58
22 62 41
22 63 40
22 64 81
22 65 76
22 66 79
22 67 36
22 68 60
22 69 66
22 70 85
22 71 2
22 72 92
22 73 81
22 74 64
22 75 81
22 76 70
22 77 49
22 78 8
22 79 51
22 80 55
22 81 89
22 82 83
22 83 54
22 84 73
22 85 51
22 86 60
22 87 77
22 88 86
22 89 45
22 90 30
22 91 73
22 92 10
22 93 0
22 94 54
22 95 58
22 96 76
22 97 54
22 98 87
22 99 88
22 100 7
23 24 83
23 25 46
23 26 89
23 27 10
23 28 32
23 29 38
23 30 11
23 31 66
23 32 95
23 33 40
23 34 41
23 35 39
23 36 28
23 37 39
23 38 27
23 39 47
23 40 21
23 41 50
23 42 4
23 43 47
23 44 31
23 45 11
23 46 28
23 47 17
23 48 73
23 49 86
23 50 38
23 51 69
23 52 100
23 53 33
23 54 20
23 55 93
23 56 71
23 57 50
23 58 86
23 59 51
23 60 41
23 61 2
23 62 75
23 63 82
23 64 65
23 65 47
23 66 4
23 67 84
23 68 93
23 69 14
23 70 8
23 71 43
23 72 42
23 73 9
23 74 87
23 75 81
23 76 95
23 77 11
23 78 6
23 79 37
23 80 73
23 81 54
23 82 98
23 83 48
23 84 21
23 85 14
23 86 34
23 87 20
23 88 8
23 89 100
23 90 23
23 91 41
23 92 53
23 93 21
23 94 23
23 95 33
23 96 29
23 97 94
23 98 5
23 99 29
23 100 5
24 25 9
24 26 89
24 27 26
24 28 45
24 29 96
24 30 9
24 31 9
24 32 89
24 33 53
24 34 37
24 35 14
24 36 95
24 37 7
24 38 0
24 39 19
24 40 64
24 41 9
24 42 2
24 43 95
24 44 65
24 45 84
24 46 6
24 47 81
24 48 35
24 49 45
24 50 42
24 51 70
24 52 84
24 53 62
24 54 52
24 55 28
24 56 71
24 57 24
24 58 74
24 59 10
24 60 65
24 61 7
24 62 4
24 63 14
24 64 25
24 65 93
24 66 29
24 67 99
24 68 38
24 69 47
24 70 49
24 71 76
24 72 62
24 73 86
24 74 51
24 75 14
24 76 36
24 77 51
24 78 57
24 79 15
24 80 81
24 81 59
24 82 74
24 83 27
24 84 19
24 85 46
24 86 26
24 87 58
24 88 94
24 89 100
24 90 35
24 91 19
24 92 19
24 93 100
24 94 58
24 95 48
24 96 24
24 97 58
24 98 16
24 99 25
24 100 79
25 26 21
25 27 8
25 28 94
25 29 30
25 30 40
25 31 91
25 32 80
25 33 38
25 34 46
25 35 15
25 36 5
25 37 98
25 38 29
25 39 51
25 40 24
25 41 100
25 42 50
25 43 75
25 44 50
25 45 33
25 46 80
25 47 4
25 48 27
25 49 41
25 50 81
25 51 76
25 52 78
25 53 85
25 54 5
25 55 100
25 56 43
25 57 37
25 58 66
25 59 50
25 60 41
25 61 21
25 62 2
25 63 66
25 64 92
25 65 95
25 66 12
25 67 69
25 68 78
25 69 89
25 70 89
25 71 64
25 72 2
25 73 59
25 74 46
25 75 70
25 76 47
25 77 5
25 78 60
25 79 51
25 80 45
25 81 99
25 82 19
25 83 63
25 84 15
25 85 61
25 86 3
25 87 55
25 88 9
25 89 82
25 90 35
25 91 42
25 92 36
25 93 16
25 94 40
25 95 33
25 96 75
25 97 25
25 98 7
25 99 93
25 100 46
26 27 97
26 28 59
26 29 50
26 30 77
26 31 98
26 32 26
26 33 64
26 34 26
26 35 65
26 36 67
26 37 7
26 38 21
26 39 41
26 40 99
26 41 28
26 42 28
26 43 50
26 44 95
26 45 93
26 46 15
26 47 70
26 48 11
26 49 19
26 50 87
26 51 84
26 52 98
26 53 49
26 54 85
26 55 79
26 56 94
26 57 52
26 58 12
26 59 1
26 60 0
26 61 34
26 62 24
26 63 26
26 64 66
26 65 20
26 66 4
26 67 6
26 68 24
26 69 95
26 70 0
26 71 75
26 72 19
26 73 58
26 74 27
26 75 90
26 76 100
26 77 87
26 78 20
26 79 31
26 80 28
26 81 22
26 82 91
26 83 100
26 84 21
26 85 62
26 86 23
26 87 25
26 88 47
26 89 34
26 90 29
26 91 89
26 92 66
26 93 0
26 94 77
26 95 1
26 96 68
26 97 61
26 98 22
26 99 11
26 100 61
27 28 100
27 29 37
27 30 72
27 31 4
27 32 42
27 33 71
27 34 47
27 35 67
27 36 81
27 37 1
27 38 29
27 39 8
27 40 6
27 41 46
27 42 95
27 43 70
27 44 8
27 45 98
27 46 1
27 47 82
27 48 14
27 49 14
27 50 96
27 51 31
27 52 3
27 53 63
27 54 34
27 55 46
27 56 13
27 57 40
27 58 36
27 59 47
27 60 75
27 61 3
27 62 99
27 63 69
27 64 76
27 65 85
27 66 20
27 67 21
27 68 63
27 69 35
27 70 34
27 71 73
27 72 98
27 73 20
27 74 9
27 75 39
27 76 47
27 77 97
27 78 8
27 79 25
27 80 87
27 81 52
27 82 64
27 83 34
27 84 90
27 85 17
27 86 72
27 87 91
27 88 46
27 89 23
27 90 89
27 91 88
27 92 68
27 93 50
27 94 36
27 95 80
27 96 61
27 97 47
27 98 50
27 99 87
27 100 39
28 29 63
28 30 83
28 31 27
28 32 28
28 33 9
28 34 46
28 35 9
28 36 60
28 37 48
28 38 4
28 39 76
28 40 27
28 41 34
28 42 69
28 43 41
28 44 6
28 45 92
28 46 5
28 47 11
28 48 76
28 49 51
28 50 22
28 51 100
28 52 84
28 53 38
28 54 24
28 55 91
28 56 32
28 57 78
28 58 12
28 59 11
28 60 27
28 61 84
28 62 21
28 63 73
28 64 47
28 65 37
28 66 6
28 67 2
28 68 98
28 69 18
28 70 32
28 71 65
28 72 87
28 73 89
28 74 53
28 75 43
28 76 29
28 77 76
28 78 82
28 79 92
28 80 93
28 81 89
28 82 20
28 83 91
28 84 59
28 85 96
28 86 7
28 87 96
28 88 5
28 89 13
28 90 69
28 91 46
28 92 36
28 93 97
28 94 84
28 95 41
28 96 2
28 97 5
28 98 39
28 99 9
28 100 74
29 30 48
29 31 23
29 32 58
29 33 13
29 34 31
29 35 72
29 36 28
29 37 64
29 38 16
29 39 76
29 40 75
29 41 61
29 42 1
29 43 94
29 44 67
29 45 42
29 46 72
29 47 13
29 48 2
29 49 59
29 50 44
29 51 52
29 52 12
29 53 49
29 54 6
29 55 10
29 56 28
29 57 89
29 58 19
29 59 95
29 60 82
29 61 67
29 62 87
29 63 63
29 64 59
29 65 53
29 66 94
29 67 11
29 68 62
29 69 5
29 70 32
29 71 40
29 72 63
29 73 8
29 74 66
29 75 80
29 76 92
29 77 2
29 78 86
29 79 97
29 80 26
29 81 5
29 82 97
29 83 22
29 84 37
29 85 17
29 86 42
29 87 15
29 88 3
29 89 26
29 90 24
29 91 8
29 92 83
29 93 36
29 94 67
29 95 53
29 96 51
29 97 37
29 98 80
29 99 5
29 100 80
30 31 83
30 32 76
30 33 21
30 34 9
30 35 18
30 36 52
30 37 1
30 38 46
30 39 66
30 40 81
30 41 15
30 42 62
30 43 57
30 44 53
30 45 80
30 46 54
30 47 59
30 48 76
30 49 96
30 50 76
30 51 71
30 52 1
30 53 23
30 54 85
30 55 37
30 56 3
30 57 32
30 58 37
30 59 100
30 60 18
30 61 69
30 62 26
30 63 46
30 64 41
30 65 97
30 66 4
30 67 52
30 68 63
30 69 68
30 70 66
30 71 99
30 72 23
30 73 81
30 74 87
30 75 61
30 76 67
30 77 67
30 78 80
30 79 6
30 80 47
30 81 79
30 82 75
30 83 13
30 84 1
30 85 53
30 86 28
30 87 46
30 88 48
30 89 89
30 90 42
30 91 63
30 92 89
30 93 79
30 94 20
30 95 52
30 96 34
30 97 20
30 98 36
30 99 56
30 100 54
31 32 71
31 33 87
31 34 8
31 35 38
31 36 88
31 37 27
31 38 65
31 39 93
31 40 74
31 41 24
31 42 41
31 43 29
31 44 90
31 45 50
31 46 54
31 47 52
31 48 75
31 49 5
31 50 11
31 51 8
31 52 63
31 53 45
31 54 83
31 55 11
31 56 68
31 57 5
31 58 37
31 59 30
31 60 23
31 61 42
31 62 23
31 63 82
31 64 83
31 65 87
31 66 23
31 67 47
31 68 39
31 69 42
31 70 47
31 71 6
31 72 50
31 73 32
31 74 93
31 75 99
31 76 99
31 77 83
31 78 43
31 79 36
31 80 15
31 81 83
31 82 59
31 83 83
31 84 6
31 85 60
31 86 90
31 87 25
31 88 74
31 89 37
31 90 1
31 91 0
31 92 33
31 93 21
31 94 83
31 95 35
31 96 73
31 97 54
31 98 79
31 99 48
31 100 68
32 33 45
32 34 4
32 35 30
32 36 16
32 37 8
32 38 32
32 39 13
32 40 91
32 41 64
32 42 79
32 43 96
32 44 93
32 45 68
32 46 38
32 47 66
32 48 47
32 49 81
32 50 68
32 51 7
32 52 35
32 53 31
32 54 17
32 55 8
32 56 95
32 57 12
32 58 55
32 59 85
32 60 43
32 61 56
32 62 22
32 63 42
32 64 26
32 65 72
32 66 54
32 67 74
32 68 81
32 69 11
32 70 92
32 71 54
32 72 100
32 73 59
32 74 100
32 75 50
32 76 39
32 77 40
32 78 100
32 79 54
32 80 7
32 81 0
32 82 74
32 83 64
32 84 0
32 85 27
32 86 73
32 87 95
32 88 70
32 89 53
32 90 70
32 91 93
32 92 81
32 93 4
32 94 97
32 95 13
32 96 63
32 97 0
32 98 27
32 99 46
32 100 79
33 34 32
33 35 25
33 36 52
33 37 1
33 38 8
33 39 54
33 40 22
33 41 88
33 42 11
33 43 40
33 44 75
33 45 68
33 46 24
33 47 48
33 48 44
33 49 68
33 50 21
33 51 29
33 52 92
33 53 45
33 54 9
33 55 45
33 56 99
33 57 73
33 58 56
33 59 80
33 60 22
33 61 9
33 62 54
33 63 82
33 64 61
33 65 18
33 66 78
33 67 95
33 68 16
33 69 9
33 70 72
33 71 27
33 72 40
33 73 57
33 74 23
33 75 24
33 76 86
33 77 54
33 78 43
33 79 35
33 80 99
33 81 38
33 82 81
33 83 79
33 84 60
33 85 93
33 86 59
33 87 96
33 88 62
33 89 64
33 90 46
33 91 19
33 92 54
33 93 99
33 94 70
33 95 62
33 96 50
33 97 88
33 98 84
33 99 90
33 100 60
34 35 19
34 36 6
34 37 90
34 38 90
34 39 5
34 40 61
34 41 49
34 42 65
34 43 56
34 44 42
34 45 28
34 46 52
34 47 44
34 48 58
34 49 84
34 50 68
34 51 31
34 52 76
34 53 70
34 54 5
34 55 29
34 56 87
34 57 0
34 58 23
34 59 67
34 60 71
34 61 10
34 62 3
34 63 37
34 64 53
34 65 44
34 66 52
34 67 63
34 68 90
34 69 41
34 70 29
34 71 93
34 72 24
34 73 53
34 74 7
34 75 18
34 76 48
34 77 92
34 78 81
34 79 83
34 80 91
34 81 17
34 82 0
34 83 84
34 84 36
34 85 81
34 86 32
34 87 94
34 88 7
34 89 61
34 90 47
34 91 26
34 92 25
34 93 74
34 94 0
34 95 76
34 96 88
34 97 0
34 98 0
34 99 48
34 100 84
35 36 98
35 37 79
35 38 24
35 39 39
35 40 38
35 41 61
35 42 0
35 43 88
35 44 39
35 45 81
35 46 49
35 47 48
35 48 34
35 49 20
35 50 20
35 51 38
35 52 80
35 53 50
35 54 50
35 55 60
35 56 33
35 57 14
35 58 82
35 59 42
35 60 9
35 61 8
35 62 84
35 63 45
35 64 7
35 65 9
35 66 14
35 67 5
35 68 70
35 69 68
35 70 17
35 71 87
35 72 57
35 73 84
35 74 98
35 75 37
35 76 67
35 77 55
35 78 67
35 79 25
35 80 55
35 81 6
35 82 16
35 83 85
35 84 9
35 85 58
35 86 8
35 87 68
35 88 49
35 89 14
35 90 9
35 91 18
35 92 6
35 93 40
35 94 24
35 95 49
35 96 15
35 97 78
35 98 44
35 99 20
35 100 48
36 37 63
36 38 84
36 39 7
36 40 74
36 41 81
36 42 84
36 43 81
36 44 26
36 45 82
36 46 40
36 47 39
36 48 100
36 49 33
36 50 1
36 51 15
36 52 50
36 53 41
36 54 63
36 55 4
36 56 36
36 57 73
36 58 81
36 59 69
36 60 76
36 61 53
36 62 18
36 63 21
36 64 28
36 65 13
36 66 66
36 67 46
36 68 23
36 69 25
36 70 72
36 71 64
36 72 82
36 73 79
36 74 36
36 75 15
36 76 55
36 77 45
36 78 39
36 79 33
36 80 41
36 81 81
36 82 22
36 83 26
36 84 99
36 85 33
36 86 40
36 87 66
36 88 27
36 89 11
36 90 34
36 91 6
36 92 17
36 93 18
36 94 59
36 95 41
36 96 36
36 97 43
36 98 78
36 99 37
36 100 48
37 38 37
37 39 60
37 40 56
37 41 17
37 42 20
37 43 41
37 44 58
37 45 4
37 46 87
37 47 27
37 48 28
37 49 47
37 50 76
37 51 60
37 52 6
37 53 89
37 54 64
37 55 97
37 56 68
37 57 13
37 58 73
37 59 27
37 60 16
37 61 61
37 62 71
37 63 65
37 64 1
37 65 56
37 66 91
37 67 60
37 68 11
37 69 3
37 70 77
37 71 13
37 72 68
37 73 16
37 74 21
37 75 51
37 76 49
37 77 16
37 78 54
37 79 94
37 80 65
37 81 8
37 82 90
37 83 70
37 84 15
37 85 90
37 86 92
37 87 56
37 88 71
37 89 81
37 90 41
37 91 59
37 92 67
37 93 5
37 94 93
37 95 90
37 96 21
37 97 48
37 98 13
37 99 36
37 100 10
38 39 26
38 40 19
38 41 61
38 42 77
38 43 87
38 44 65
38 45 56
38 46 34
38 47 56
38 48 83
38 49 11
38 50 25
38 51 80
38 52 3
38 53 90
38 54 53
38 55 100
38 56 80
38 57 94
38 58 72
38 59 87
38 60 84
38 61 89
38 62 72
38 63 92
38 64 17
38 65 15
38 66 48
38 67 27
38 68 77
38 69 15
38 70 6
38 71 29
38 72 88
38 73 8
38 74 70
38 75 25
38 76 20
38 77 20
38 78 53
38 79 3
38 80 99
38 81 53
38 82 30
38 83 76
38 84 88
38 85 17
38 86 33
38 87 30
38 88 5
38 89 21
38 90 46
38 91 31
38 92 99
38 93 93
38 94 25
38 95 17
38 96 28
38 97 32
38 98 76
38 99 80
38 100 7
39 40 6
39 41 71
39 42 67
39 43 97
39 44 68
39 45 97
39 46 97
39 47 75
39 48 86
39 49 36
39 50 2
39 51 82
39 52 34
39 53 65
39 54 7
39 55 58
39 56 13
39 57 44
39 58 19
39 59 88
39 60 96
39 61 20
39 62 83
39 63 44
39 64 45
39 65 48
39 66 84
39 67 30
39 68 84
39 69 76
39 70 31
39 71 29
39 72 30
39 73 19
39 74 59
39 75 85
39 76 82
39 77 58
39 78 51
39 79 8
39 80 54
39 81 49
39 82 68
39 83 7
39 84 62
39 85 76
39 86 93
39 87 9
39 88 1
39 89 78
39 90 32
39 91 33
39 92 30
39 93 37
39 94 88
39 95 38
39 96 68
39 97 44
39 98 57
39 99 57
39 100 65
40 41 63
40 42 68
40 43 41
40 44 85
40 45 30
40 46 98
40 47 54
40 48 63
40 49 48
40 50 97
40 51 40
40 52 42
40 53 99
40 54 21
40 55 6
40 56 79
40 57 29
40 58 80
40 59 3
40 60 49
40 61 96
40 62 5
40 63 33
40 64 18
40 65 19
40 66 88
40 67 46
40 68 79
40 69 21
40 70 1
40 71 44
40 72 77
40 73 82
40 74 43
40 75 58
40 76 78
40 77 22
40 78 67
40 79 88
40 80 80
40 81 26
40 82 91
40 83 19
40 84 39
40 85 4
40 86 25
40 87 81
40 88 4
40 89 3
40 90 98
40 91 22
40 92 60
40 93 5
40 94 14
40 95 44
40 96 52
40 97 88
40 98 0
40 99 81
40 100 44
41 42 19
41 43 87
41 44 13
41 45 19
41 46 19
41 47 5
41 48 34
41 49 80
41 50 66
41 51 53
41 52 68
41 53 19
41 54 76
41 55 13
41 56 13
41 57 5
41 58 97
41 59 35
41 60 68
41 61 67
41 62 61
41 63 78
41 64 21
41 65 24
41 66 11
41 67 11
41 68 50
41 69 75
41 70 71
41 71 22
41 72 45
41 73 46
41 74 4
41 75 9
41 76 1
41 77 55
41 78 36
41 79 45
41 80 16
41 81 65
41 82 71
41 83 75
41 84 73
41 85 40
41 86 6
41 87 23
41 88 64
41 89 89
41 90 100
41 91 6
41 92 30
41 93 13
41 94 90
41 95 19
41 96 44
41 97 67
41 98 60
41 99 87
41 100 9
42 43 12
42 44 18
42 45 25
42 46 79
42 47 2
42 48 26
42 49 8
42 50 99
42 51 35
42 52 17
42 53 10
42 54 16
42 55 9
42 56 72
42 57 53
42 58 11
42 59 22
42 60 90
42 61 59
42 62 4
42 63 9
42 64 74
42 65 35
42 66 4
42 67 83
42 68 19
42 69 73
42 70 45
42 71 11
42 72 53
42 73 80
42 74 49
42 75 83
42 76 31
42 77 99
42 78 7
42 79 64
42 80 67
42 81 28
42 82 77
42 83 10
42 84 76
42 85 13
42 86 50
42 87 55
42 88 96
42 89 69
42 90 30
42 91 68
42 92 33
42 93 70
42 94 13
42 95 23
42 96 60
42 97 36
42 98 74
42 99 64
42 100 22
43 44 47
43 45 23
43 46 35
43 47 80
43 48 69
43 49 36
43 50 5
43 51 1
43 52 49
43 53 33
43 54 41
43 55 100
43 56 61
43 57 77
43 58 36
43 59 76
43 60 74
43 61 8
43 62 69
43 63 63
43 64 68
43 65 72
43 66 61
43 67 57
43 68 87
43 69 18
43 70 15
43 71 9
43 72 50
43 73 36
43 74 64
43 75 78
43 76 73
43 77 98
43 78 75
43 79 18
43 80 40
43 81 12
43 82 25
43 83 57
43 84 54
43 85 27
43 86 63
43 87 93
43 88 43
43 89 69
43 90 26
43 91 65
43 92 3
43 93 73
43 94 19
43 95 23
43 96 8
43 97 54
43 98 22
43 99 64
43 100 11
44 45 4
44 46 96
44 47 20
44 48 94
44 49 26
44 50 30
44 51 63
44 52 12
44 53 93
44 54 74
44 55 67
44 56 32
44 57 69
44 58 16
44 59 58
44 60 30
44 61 71
44 62 52
44 63 72
44 64 6
44 65 30
44 66 78
44 67 9
44 68 46
44 69 35
44 70 27
44 71 30
44 72 98
44 73 88
44 74 65
44 75 8
44 76 0
44 77 69
44 78 74
44 79 74
44 80 80
44 81 33
44 82 75
44 83 40
44 84 20
44 85 55
44 86 46
44 87 47
44 88 19
44 89 18
44 90 47
44 91 67
44 92 31
44 93 85
44 94 1
44 95 91
44 96 12
44 97 42
44 98 41
44 99 16
44 100 86
45 46 62
45 47 83
45 48 84
45 49 38
45 50 11
45 51 27
45 52 40
45 53 5
45 54 22
45 55 15
45 56 1
45 57 15
45 58 52
45 59 41
45 60 8
45 61 51
45 62 15
45 63 2
45 64 74
45 65 42
45 66 2
45 67 85
45 68 80
45 69 45
45 70 48
45 71 20
45 72 45
45 73 18
45 74 63
45 75 53
45 76 67
45 77 41
45 78 35
45 79 20
45 80 46
45 81 75
45 82 16
45 83 54
45 84 99
45 85 13
45 86 3
45 87 9
45 88 48
45 89 63
45 90 5
45 91 52
45 92 62
45 93 61
45 94 3
45 95 60
45 96 72
45 97 68
45 98 18
45 99 26
45 100 97
46 47 85
46 48 61
46 49 66
46 50 53
46 51 46
46 52 97
46 53 29
46 54 67
46 55 83
46 56 98
46 57 46
46 58 89
46 59 72
46 60 97
46 61 89
46 62 57
46 63 89
46 64 52
46 65 41
46 66 52
46 67 12
46 68 94
46 69 85
46 70 21
46 71 32
46 72 67
46 73 97
46 74 29
46 75 46
46 76 91
46 77 20
46 78 99
46 79 3
46 80 21
46 81 46
46 82 65
46 83 67
46 84 46
46 85 52
46 86 22
46 87 76
46 88 49
46 89 52
46 90 87
46 91 15
46 92 7
46 93 66
46 94 11
46 95 89
46 96 17
46 97 38
46 98 68
46 99 63
46 100 77
47 48 28
47 49 79
47 50 60
47 51 67
47 52 19
47 53 89
47 54 100
47 55 77
47 56 68
47 57 28
47 58 73
47 59 63
47 60 62
47 61 65
47 62 100
47 63 84
47 64 35
47 65 66
47 66 94
47 67 4
47 68 74
47 69 69
47 70 54
47 71 87
47 72 27
47 73 46
47 74 40
47 75 24
47 76 45
47 77 67
47 78 81
47 79 27
47 80 45
47 81 69
47 82 4
47 83 77
47 84 85
47 85 0
47 86 49
47 87 7
47 88 84
47 89 33
47 90 91
47 91 12
47 92 16
47 93 7
47 94 96
47 95 86
47 96 12
47 97 59
47 98 36
47 99 83
47 100 11
48 49 40
48 50 5
48 51 49
48 52 80
48 53 62
48 54 48
48 55 46
48 56 26
48 57 56
48 58 32
48 59 65
48 60 12
48 61 9
48 62 23
48 63 28
48 64 39
48 65 28
48 66 22
48 67 84
48 68 15
48 69 33
48 70 81
48 71 80
48 72 77
48 73 34
48 74 1
48 75 41
48 76 79
48 77 94
48 78 13
48 79 74
48 80 0
48 81 67
48 82 99
48 83 46
48 84 26
48 85 48
48 86 13
48 87 13
48 88 28
48 89 32
48 90 54
48 91 81
48 92 12
48 93 76
48 94 74
48 95 62
48 96 39
48 97 45
48 98 84
48 99 46
48 100 67
49 50 67
49 51 1
49 52 77
49 53 71
49 54 37
49 55 90
49 56 18
49 57 13
49 58 91
49 59 96
49 60 84
49 61 76
49 62 33
49 63 30
49 64 69
49 65 91
49 66 55
49 67 57
49 68 91
49 69 96
49 70 5
49 71 98
49 72 32
49 73 33
49 74 36
49 75 69
49 76 58
49 77 90
49 78 71
49 79 38
49 80 28
49 81 58
49 82 64
49 83 81
49 84 63
49 85 15
49 86 17
49 87 76
49 88 39
49 89 67
49 90 100
49 91 30
49 92 59
49 93 84
49 94 9
49 95 15
49 96 1
49 97 97
49 98 11
49 99 64
49 100 65
50 51 60
50 52 22
50 53 62
50 54 29
50 55 76
50 56 34
50 57 91
50 58 77
50 59 65
50 60 51
50 61 15
50 62 14
50 63 3
50 64 70
50 65 75
50 66 20
50 67 69
50 68 20
50 69 86
50 70 58
50 71 67
50 72 22
50 73 35
50 74 2
50 75 79
50 76 54
50 77 81
50 78 0
50 79 11
50 80 57
50 81 88
50 82 94
50 83 1
50 84 88
50 85 20
50 86 30
50 87 18
50 88 59
50 89 43
50 90 20
50 91 53
50 92 29
50 93 9
50 94 51
50 95 27
50 96 87
50 97 55
50 98 14
50 99 50
50 100 39
51 52 65
51 53 10
51 54 87
51 55 55
51 56 41
51 57 57
51 58 95
51 59 3
51 60 23
51 61 98
51 62 60
51 63 86
51 64 42
51 65 2
51 66 7
51 67 19
51 68 17
51 69 33
51 70 87
51 71 98
51 72 90
51 73 18
51 74 49
51 75 86
51 76 94
51 77 60
51 78 9
51 79 98
51 80 11
51 81 24
51 82 7
51 83 26
51 84 60
51 85 20
51 86 27
51 87 36
51 88 90
51 89 87
51 90 23
51 91 14
51 92 7
51 93 62
51 94 27
51 95 25
51 96 86
51 97 3
51 98 33
51 99 49
51 100 83
52 53 18
52 54 88
52 55 67
52 56 23
52 57 15
52 58 14
52 59 67
52 60 45
52 61 31
52 62 25
52 63 22
52 64 41
52 65 94
52 66 40
52 67 16
52 68 66
52 69 8
52 70 97
52 71 76
52 72 13
52 73 9
52 74 97
52 75 80
52 76 36
52 77 45
52 78 91
52 79 68
52 80 10
52 81 54
52 82 45
52 83 41
52 84 74
52 85 69
52 86 10
52 87 85
52 88 39
52 89 98
52 90 4
52 91 99
52 92 24
52 93 37
52 94 53
52 95 95
52 96 35
52 97 52
52 98 22
52 99 94
52 100 6
53 54 86
53 55 21
53 56 87
53 57 30
53 58 13
53 59 2
53 60 71
53 61 96
53 62 27
53 63 61
53 64 52
53 65 79
53 66 1
53 67 100
53 68 31
53 69 26
53 70 11
53 71 7
53 72 87
53 73 21
53 74 36
53 75 94
53 76 42
53 77 84
53 78 54
53 79 80
53 80 75
53 81 14
53 82 16
53 83 28
53 84 61
53 85 44
53 86 56
53 87 88
53 88 95
53 89 17
53 90 45
53 91 24
53 92 67
53 93 16
53 94 0
53 95 66
53 96 52
53 97 51
53 98 25
53 99 35
53 100 55
54 55 59
54 56 58
54 57 86
54 58 95
54 59 29
54 60 76
54 61 13
54 62 61
54 63 44
54 64 18
54 65 1
54 66 34
54 67 21
54 68 27
54 69 61
54 70 60
54 71 75
54 72 42
54 73 6
54 74 37
54 75 29
54 76 70
54 77 81
54 78 54
54 79 2
54 80 18
54 81 2
54 82 49
54 83 28
54 84 97
54 85 44
54 86 24
54 87 24
54 88 90
54 89 64
54 90 93
54 91 35
54 92 56
54 93 70
54 94 31
54 95 19
54 96 74
54 97 80
54 98 37
54 99 10
54 100 96
55 56 91
55 57 40
55 58 99
55 59 11
55 60 17
55 61 70
55 62 82
55 63 85
55 64 5
55 65 43
55 66 13
55 67 30
55 68 50
55 69 21
55 70 59
55 71 64
55 72 63
55 73 79
55 74 60
55 75 74
55 76 76
55 77 4
55 78 44
55 79 51
55 80 84
55 81 3
55 82 61
55 83 31
55 84 97
55 85 45
55 86 37
55 87 64
55 88 36
55 89 92
55 90 67
55 91 11
55 92 71
55 93 40
55 94 49
55 95 22
55 96 37
55 97 37
55 98 42
55 99 82
55 100 54
56 57 29
56 58 14
56 59 74
56 60 8
56 61 28
56 62 21
56 63 73
56 64 90
56 65 52
56 66 75
56 67 33
56 68 93
56 69 85
56 70 48
56 71 19
56 72 50
56 73 38
56 74 61
56 75 57
56 76 86
56 77 94
56 78 63
56 79 16
56 80 1
56 81 48
56 82 41
56 83 24
56 84 79
56 85 37
56 86 81
56 87 100
56 88 17
56 89 25
56 90 16
56 91 100
56 92 91
56 93 36
56 94 39
56 95 9
56 96 60
56 97 37
56 98 96
56 99 50
56 100 62
57 58 28
57 59 14
57 60 99
57 61 33
57 62 40
57 63 54
57 64 1
57 65 47
57 66 4
57 67 57
57 68 89
57 69 4
57 70 72
57 71 43
57 72 42
57 73 53
57 74 100
57 75 70
57 76 24
57 77 2
57 78 79
57 79 44
57 80 55
57 81 98
57 82 44
57 83 62
57 84 100
57 85 2
57 86 66
57 87 85
57 88 63
57 89 77
57 90 17
57 91 44
57 92 8
57 93 45
57 94 73
57 95 79
57 96 83
57 97 21
57 98 94
57 99 21
57 100 5
58 59 45
58 60 37
58 61 91
58 62 9
58 63 3
58 64 66
58 65 3
58 66 35
58 67 3
58 68 13
58 69 45
58 70 73
58 71 52
58 72 90
58 73 77
58 74 54
58 75 65
58 76 41
58 77 54
58 78 57
58 79 57
58 80 28
58 81 63
58 82 71
58 83 64
58 84 69
58 85 43
58 86 29
58 87 83
58 88 86
58 89 12
58 90 30
58 91 76
58 92 49
58 93 93
58 94 93
58 95 32
58 96 59
58 97 71
58 98 71
58 99 7
58 100 10
59 60 41
59 61 65
59 62 46
59 63 94
59 64 55
59 65 71
59 66 33
59 67 10
59 68 83
59 69 89
59 70 80
59 71 13
59 72 0
59 73 53
59 74 2
59 75 17
59 76 25
59 77 18
59 78 37
59 79 69
59 80 92
59 81 80
59 82 55
59 83 82
59 84 47
59 85 94
59 86 75
59 87 99
59 88 27
59 89 66
59 90 69
59 91 0
59 92 59
59 93 82
59 94 64
59 95 90
59 96 7
59 97 54
59 98 96
59 99 75
59 100 70
60 61 49
60 62 64
60 63 9
60 64 75
60 65 24
60 66 87
60 67 57
60 68 40
60 69 31
60 70 88
60 71 55
60 72 73
60 73 82
60 74 71
60 75 72
60 76 76
60 77 44
60 78 74
60 79 4
60 80 69
60 81 77
60 82 11
60 83 7
60 84 22
60 85 92
60 86 88
60 87 99
60 88 76
60 89 17
60 90 72
60 91 57
60 92 79
60 93 89
60 94 59
60 95 15
60 96 78
60 97 88
60 98 44
60 99 25
60 100 77
61 62 57
61 63 93
61 64 90
61 65 81
61 66 48
61 67 77
61 68 7
61 69 74
61 70 55
61 71 19
61 72 86
61 73 42
61 74 8
61 75 86
61 76 41
61 77 31
61 78 77
61 79 55
61 80 38
61 81 0
61 82 65
61 83 75
61 84 92
61 85 16
61 86 5
61 87 76
61 88 12
61 89 74
61 90 21
61 91 46
61 92 84
61 93 67
61 94 16
61 95 93
61 96 14
61 97 42
61 98 100
61 99 62
61 100 16
62 63 78
62 64 36
62 65 9
62 66 0
62 67 23
62 68 22
62 69 70
62 70 26
62 71 7
62 72 72
62 73 75
62 74 54
62 75 96
62 76 79
62 77 67
62 78 4
62 79 99
62 80 35
62 81 46
62 82 70
62 83 59
62 84 95
62 85 56
62 86 20
62 87 12
62 88 14
62 89 76
62 90 19
62 91 1
62 92 86
62 93 1
62 94 92
62 95 43
62 96 82
62 97 7
62 98 24
62 99 65
62 100 92
63 64 96
63 65 13
63 66 45
63 67 55
63 68 25
63 69 34
63 70 15
63 71 95
63 72 90
63 73 27
63 74 35
63 75 29
63 76 55
63 77 5
63 78 49
63 79 51
63 80 71
63 81 75
63 82 81
63 83 89
63 84 15
63 85 27
63 86 61
63 87 56
63 88 43
63 89 51
63 90 28
63 91 91
63 92 2
63 93 53
63 94 82
63 95 6
63 96 23
63 97 29
63 98 97
63 99 69
63 100 32
64 65 39
64 66 48
64 67 98
64 68 75
64 69 68
64 70 99
64 71 10
64 72 35
64 73 60
64 74 68
64 75 27
64 76 72
64 77 0
64 78 72
64 79 65
64 80 44
64 81 42
64 82 5
64 83 48
64 84 44
64 85 45
64 86 22
64 87 22
64 88 20
64 89 76
64 90 13
64 91 34
64 92 7
64 93 7
64 94 4
64 95 58
64 96 45
64 97 17
64 98 81
64 99 12
64 100 91
65 66 66
65 67 32
65 68 80
65 69 20
65 70 35
65 71 89
65 72 79
65 73 60
65 74 67
65 75 97
65 76 83
65 77 38
65 78 67
65 79 59
65 80 25
65 81 48
65 82 93
65 83 72
65 84 18
65 85 61
65 86 82
65 87 37
65 88 9
65 89 39
65 90 61
65 91 75
65 92 92
65 93 18
65 94 97
65 95 17
65 96 44
65 97 30
65 98 20
65 99 64
65 100 75
66 67 18
66 68 67
66 69 30
66 70 85
66 71 17
66 72 17
66 73 13
66 74 71
66 75 23
66 76 30
66 77 56
66 78 96
66 79 0
66 80 67
66 81 41
66 82 76
66 83 33
66 84 70
66 85 3
66 86 15
66 87 94
66 88 87
66 89 44
66 90 9
66 91 13
66 92 59
66 93 93
66 94 93
66 95 80
66 96 94
66 97 49
66 98 29
66 99 3
66 100 54
67 68 59
67 69 47
67 70 91
67 71 79
67 72 36
67 73 2
67 74 92
67 75 48
67 76 4
67 77 48
67 78 25
67 79 12
67 80 93
67 81 11
67 82 43
67 83 84
67 84 7
67 85 99
67 86 6
67 87 17
67 88 3
67 89 20
67 90 24
67 91 4
67 92 8
67 93 31
67 94 2
67 95 98
67 96 16
67 97 63
67 98 78
67 99 26
67 100 89
68 69 0
68 70 64
68 71 22
68 72 82
68 73 55
68 74 99
68 75 12
68 76 74
68 77 94
68 78 58
68 79 25
68 80 15
68 81 97
68 82 43
68 83 62
68 84 67
68 85 33
68 86 84
68 87 57
68 88 93
68 89 77
68 90 89
68 91 6
68 92 84
68 93 77
68 94 72
68 95 77
68 96 62
68 97 81
68 98 76
68 99 22
68 100 65
69 70 9
69 71 71
69 72 51
69 73 78
69 74 19
69 75 88
69 76 22
69 77 2
69 78 22
69 79 13
69 80 72
69 81 96
69 82 27
69 83 75
69 84 27
69 85 47
69 86 84
69 87 72
69 88 98
69 89 42
69 90 41
69 91 69
69 92 1
69 93 63
69 94 78
69 95 5
69 96 36
69 97 59
69 98 35
69 99 36
69 100 7
70 71 96
70 72 21
70 73 38
70 74 70
70 75 67
70 76 85
70 77 68
70 78 64
70 79 91
70 80 83
70 81 37
70 82 25
70 83 55
70 84 21
70 85 4
70 86 3
70 87 50
70 88 65
70 89 10
70 90 51
70 91 78
70 92 68
70 93 25
70 94 48
70 95 63
70 96 29
70 97 59
70 98 48
70 99 56
70 100 81
71 72 13
71 73 54
71 74 82
71 75 19
71 76 54
71 77 58
71 78 36
71 79 4
71 80 92
71 81 5
71 82 76
71 83 42
71 84 20
71 85 84
71 86 48
71 87 39
71 88 80
71 89 51
71 90 77
71 91 63
71 92 45
71 93 8
71 94 26
71 95 9
71 96 77
71 97 24
71 98 82
71 99 37
71 100 7
72 73 93
72 74 45
72 75 48
72 76 86
72 77 90
72 78 62
72 79 36
72 80 93
72 81 63
72 82 6
72 83 91
72 84 92
72 85 1
72 86 51
72 87 48
72 88 1
72 89 69
72 90 65
72 91 59
72 92 69
72 93 41
72 94 24
72 95 12
72 96 52
72 97 43
72 98 81
72 99 61
72 100 52
73 74 16
73 75 96
73 76 8
73 77 85
73 78 31
73 79 94
73 80 0
73 81 29
73 82 56
73 83 80
73 84 60
73 85 37
73 86 82
73 87 28
73 88 66
73 89 79
73 90 63
73 91 31
73 92 56
73 93 93
73 94 43
73 95 22
73 96 66
73 97 64
73 98 18
73 99 73
73 100 76
74 75 89
74 76 53
74 77 72
74 78 61
74 79 34
74 80 51
74 81 13
74 82 21
74 83 41
74 84 95
74 85 99
74 86 4
74 87 13
74 88 74
74 89 49
74 90 30
74 91 72
74 92 47
74 93 35
74 94 47
74 95 85
74 96 87
74 97 16
74 98 26
74 99 10
74 100 70
75 76 4
75 77 14
75 78 0
75 79 75
75 80 15
75 81 96
75 82 34
75 83 11
75 84 86
75 85 56
75 86 49
75 87 40
75 88 18
75 89 58
75 90 33
75 91 17
75 92 95
75 93 95
75 94 29
75 95 31
75 96 12
75 97 34
75 98 80
75 99 84
75 100 17
76 77 2
76 78 98
76 79 9
76 80 0
76 81 73
76 82 4
76 83 96
76 84 100
76 85 74
76 86 26
76 87 49
76 88 96
76 89 52
76 90 8
76 91 59
76 92 87
76 93 94
76 94 4
76 95 87
76 96 95
76 97 76
76 98 72
76 99 42
76 100 64
77 78 26
77 79 84
77 80 63
77 81 55
77 82 96
77 83 5
77 84 0
77 85 73
77 86 94
77 87 55
77 88 30
77 89 23
77 90 81
77 91 74
77 92 18
77 93 52
77 94 48
77 95 69
77 96 43
77 97 53
77 98 65
77 99 75
77 100 37
78 79 81
78 80 5
78 81 35
78 82 85
78 83 38
78 84 57
78 85 31
78 86 91
78 87 75
78 88 18
78 89 39
78 90 30
78 91 92
78 92 80
78 93 65
78 94 85
78 95 42
78 96 10
78 97 90
78 98 28
78 99 84
78 100 94
79 80 61
79 81 39
79 82 95
79 83 27
79 84 74
79 85 64
79 86 11
79 87 20
79 88 99
79 89 55
79 90 32
79 91 72
79 92 11
79 93 84
79 94 64
79 95 12
79 96 79
79 97 89
79 98 61
79 99 74
79 100 48
80 81 75
80 82 4
80 83 51
80 84 96
80 85 86
80 86 16
80 87 62
80 88 89
80 89 32
80 90 87
80 91 78
80 92 1
80 93 63
80 94 29
80 95 52
80 96 13
80 97 36
80 98 68
80 99 23
80 100 2
81 82 26
81 83 22
81 84 87
81 85 30
81 86 94
81 87 3
81 88 72
81 89 98
81 90 45
81 91 28
81 92 20
81 93 52
81 94 40
81 95 55
81 96 33
81 97 95
81 98 3
81 99 25
81 100 86
82 83 53
82 84 52
82 85 26
82 86 11
82 87 98
82 88 88
82 89 9
82 90 58
82 91 89
82 92 44
82 93 97
82 94 7
82 95 95
82 96 25
82 97 26
82 98 48
82 99 39
82 100 97
83 84 21
83 85 10
83 86 88
83 87 64
83 88 12
83 89 74
83 90 14
83 91 45
83 92 83
83 93 84
83 94 96
83 95 8
83 96 81
83 97 60
83 98 56
83 99 33
83 100 28
84 85 20
84 86 84
84 87 54
84 88 24
84 89 5
84 90 79
84 91 31
84 92 96
84 93 53
84 94 54
84 95 56
84 96 70
84 97 98
84 98 31
84 99 34
84 100 54
85 86 46
85 87 81
85 88 88
85 89 12
85 90 96
85 91 16
85 92 50
85 93 11
85 94 44
85 95 11
85 96 33
85 97 3
85 98 35
85 99 6
85 100 76
86 87 72
86 88 11
86 89 26
86 90 69
86 91 71
86 92 15
86 93 51
86 94 0
86 95 35
86 96 95
86 97 41
86 98 32
86 99 34
86 100 53
87 88 29
87 89 56
87 90 73
87 91 50
87 92 80
87 93 10
87 94 56
87 95 29
87 96 57
87 97 31
87 98 48
87 99 11
87 100 55
88 89 2
88 90 98
88 91 67
88 92 57
88 93 23
88 94 52
88 95 94
88 96 89
88 97 20
88 98 22
88 99 88
88 100 61
89 90 58
89 91 57
89 92 67
89 93 51
89 94 30
89 95 47
89 96 31
89 97 87
89 98 74
89 99 19
89 100 20
90 91 7
90 92 78
90 93 38
90 94 54
90 95 4
90 96 60
90 97 43
90 98 15
90 99 80
90 100 19
91 92 70
91 93 11
91 94 76
91 95 5
91 96 16
91 97 73
91 98 98
91 99 2
91 100 78
92 93 19
92 94 97
92 95 83
92 96 64
92 97 5
92 98 68
92 99 29
92 100 72
93 94 94
93 95 85
93 96 59
93 97 2
93 98 79
93 99 84
93 100 68
94 95 57
94 96 4
94 97 11
94 98 89
94 99 60
94 100 43
95 96 61
95 97 3
95 98 70
95 99 48
95 100 48
96 97 85
96 98 91
96 99 60
96 100 94
97 98 41
97 99 34
97 100 56
98 99 1
98 100 41
99 100 0
